#1
double airTemperature(8760,2)
0	7.039
1	6.706
2	6.489
3	6.417
4	6.529
5	6.749
6	6.879
7	6.902
8	6.839
9	6.923
10	7.085
11	7.185
12	7.049
13	6.624
14	5.902
15	5.033
16	4.732
17	4.647
18	4.645
19	4.719
20	4.782
21	4.839
22	4.916
23	5.039
24	5.237
25	5.432
26	5.533
27	5.448
28	5.184
29	4.892
30	4.532
31	4.122
32	4.593
33	5.908
34	6.774
35	7.375
36	7.634
37	7.492
38	6.992
39	6.283
40	6.152
41	6.041
42	5.928
43	5.83
44	5.827
45	5.942
46	6.275
47	6.674
48	7.126
49	7.513
50	7.825
51	8.006
52	8.148
53	8.197
54	8.132
55	8.052
56	8.237
57	8.793
58	9.397
59	9.96
60	10.233
61	10.081
62	9.675
63	9.264
64	9.027
65	8.905
66	8.824
67	8.756
68	8.687
69	8.556
70	8.381
71	8.333
72	8.314
73	8.358
74	8.445
75	8.54
76	8.604
77	8.553
78	8.388
79	8.183
80	8.243
81	8.69
82	9.103
83	9.288
84	9.314
85	9.212
86	8.98
87	8.698
88	8.49
89	8.314
90	8.197
91	8.098
92	8.024
93	7.956
94	7.888
95	7.817
96	7.729
97	7.633
98	7.526
99	7.41
100	7.304
101	7.217
102	7.185
103	7.173
104	7.407
105	7.79
106	8.087
107	8.247
108	8.204
109	8.045
110	7.718
111	7.291
112	7.2
113	7.178
114	7.186
115	7.187
116	7.163
117	7.216
118	7.335
119	7.453
120	7.539
121	7.522
122	7.545
123	7.395
124	7.18
125	7.183
126	7.126
127	7.166
128	7.482
129	8.006
130	8.599
131	9.131
132	9.386
133	9.247
134	8.78
135	8.073
136	7.711
137	7.483
138	7.338
139	7.267
140	7.204
141	7.133
142	7.096
143	7.073
144	7.061
145	7.073
146	7.125
147	7.166
148	7.202
149	7.203
150	7.136
151	7.018
152	7.133
153	7.407
154	7.659
155	7.819
156	7.832
157	7.69
158	7.326
159	6.734
160	6.464
161	6.306
162	6.145
163	5.972
164	5.778
165	5.639
166	5.552
167	5.452
168	5.355
169	5.275
170	5.225
171	5.199
172	5.234
173	5.336
174	5.507
175	5.703
176	6.085
177	6.534
178	7.019
179	7.47
180	7.789
181	7.884
182	7.756
183	7.537
184	7.412
185	7.351
186	7.274
187	7.175
188	7.056
189	6.94
190	6.827
191	6.711
192	6.607
193	6.517
194	6.417
195	6.314
196	6.193
197	6.07
198	5.962
199	5.853
200	5.788
201	5.839
202	5.985
203	6.2
204	6.426
205	6.547
206	6.463
207	6.058
208	5.687
209	5.296
210	4.779
211	4.361
212	4.1
213	3.847
214	3.808
215	3.916
216	3.987
217	3.987
218	4.032
219	4.001
220	3.787
221	3.512
222	3.411
223	3.435
224	4.194
225	5.263
226	5.981
227	6.471
228	6.644
229	6.496
230	5.851
231	4.614
232	4.121
233	3.817
234	3.517
235	3.153
236	2.614
237	1.906
238	1.031
239	0.233
240	-0.406
241	-1.03
242	-1.502
243	-1.742
244	-1.849
245	-1.887
246	-1.859
247	-1.702
248	-0.857
249	0.208
250	1.181
251	1.934
252	2.12
253	2.031
254	1.465
255	0.578
256	0.109
257	-0.172
258	-0.504
259	-0.684
260	-0.784
261	-0.903
262	-1.044
263	-1.145
264	-1.228
265	-1.291
266	-1.354
267	-1.45
268	-1.545
269	-1.615
270	-1.687
271	-1.723
272	-1.067
273	-0.255
274	0.617
275	1.367
276	1.67
277	1.566
278	0.654
279	-0.993
280	-1.37
281	-1.458
282	-1.652
283	-1.83
284	-2.025
285	-2.18
286	-2.332
287	-2.526
288	-2.748
289	-2.969
290	-3.125
291	-3.215
292	-3.219
293	-3.199
294	-3.154
295	-3.096
296	-2.49
297	-1.375
298	-0.362
299	0.251
300	0.507
301	0.456
302	-0.049
303	-1.238
304	-1.55
305	-1.57
306	-1.645
307	-1.725
308	-1.793
309	-1.834
310	-1.925
311	-2.024
312	-2.16
313	-2.311
314	-2.42
315	-2.533
316	-2.674
317	-2.829
318	-2.994
319	-3.186
320	-2.883
321	-2.338
322	-1.837
323	-1.453
324	-1.226
325	-1.174
326	-1.337
327	-1.969
328	-2.297
329	-2.415
330	-2.505
331	-2.57
332	-2.655
333	-2.756
334	-2.831
335	-2.922
336	-3.06
337	-3.202
338	-3.288
339	-3.316
340	-3.322
341	-3.324
342	-3.324
343	-3.344
344	-3.156
345	-2.774
346	-2.287
347	-1.882
348	-1.688
349	-1.702
350	-1.901
351	-2.338
352	-2.761
353	-3.041
354	-3.241
355	-3.367
356	-3.478
357	-3.57
358	-3.667
359	-3.808
360	-4.021
361	-4.28
362	-4.557
363	-4.83
364	-5.054
365	-5.16
366	-5.272
367	-5.421
368	-4.758
369	-3.422
370	-2.426
371	-1.702
372	-1.287
373	-1.249
374	-1.788
375	-3.337
376	-4.298
377	-4.729
378	-5.103
379	-5.432
380	-5.717
381	-5.964
382	-6.105
383	-6.116
384	-6.119
385	-6.177
386	-6.31
387	-6.413
388	-6.478
389	-6.531
390	-6.562
391	-6.532
392	-5.891
393	-4.649
394	-3.716
395	-3.0
396	-2.542
397	-2.365
398	-2.575
399	-3.425
400	-3.969
401	-4.188
402	-4.415
403	-4.606
404	-4.8
405	-4.926
406	-4.955
407	-4.889
408	-4.733
409	-4.543
410	-4.437
411	-4.323
412	-4.202
413	-4.047
414	-3.895
415	-3.808
416	-3.171
417	-2.197
418	-1.086
419	-0.169
420	0.276
421	0.237
422	-0.264
423	-1.295
424	-1.89
425	-2.211
426	-2.516
427	-2.771
428	-3.003
429	-3.153
430	-3.303
431	-3.431
432	-3.588
433	-3.826
434	-4.043
435	-4.198
436	-4.333
437	-4.505
438	-4.664
439	-4.787
440	-4.551
441	-4.008
442	-3.391
443	-2.898
444	-2.601
445	-2.55
446	-2.832
447	-3.661
448	-4.446
449	-4.841
450	-5.163
451	-5.413
452	-5.623
453	-5.732
454	-5.837
455	-5.998
456	-6.159
457	-6.266
458	-6.332
459	-6.396
460	-6.456
461	-6.458
462	-6.401
463	-6.291
464	-6.014
465	-5.612
466	-5.094
467	-4.603
468	-4.236
469	-3.987
470	-3.828
471	-3.731
472	-3.572
473	-3.369
474	-3.17
475	-2.96
476	-2.769
477	-2.638
478	-2.593
479	-2.627
480	-2.686
481	-2.796
482	-2.982
483	-3.132
484	-3.142
485	-3.041
486	-2.906
487	-2.793
488	-2.436
489	-1.897
490	-1.249
491	-0.604
492	-0.204
493	-0.097
494	-0.331
495	-1.171
496	-1.951
497	-2.35
498	-2.712
499	-3.02
500	-3.305
501	-3.479
502	-3.59
503	-3.722
504	-3.856
505	-4.095
506	-4.417
507	-4.599
508	-4.653
509	-4.667
510	-4.705
511	-4.697
512	-4.065
513	-3.018
514	-2.077
515	-1.341
516	-0.876
517	-0.735
518	-1.261
519	-3.064
520	-4.526
521	-5.22
522	-5.751
523	-6.175
524	-6.544
525	-6.878
526	-7.098
527	-7.199
528	-7.231
529	-7.288
530	-7.368
531	-7.4
532	-7.454
533	-7.544
534	-7.62
535	-7.582
536	-6.486
537	-4.737
538	-3.33
539	-2.401
540	-1.777
541	-1.512
542	-1.898
543	-3.537
544	-4.895
545	-5.204
546	-5.413
547	-5.687
548	-5.996
549	-6.149
550	-6.231
551	-6.379
552	-6.529
553	-6.674
554	-6.731
555	-6.653
556	-6.489
557	-6.4
558	-6.339
559	-6.231
560	-5.145
561	-3.566
562	-2.239
563	-1.285
564	-0.795
565	-0.761
566	-1.246
567	-2.76
568	-3.925
569	-4.356
570	-4.746
571	-4.998
572	-5.146
573	-5.321
574	-5.57
575	-5.811
576	-5.898
577	-5.956
578	-6.046
579	-6.198
580	-6.385
581	-6.523
582	-6.538
583	-6.364
584	-5.427
585	-4.135
586	-2.886
587	-2.06
588	-1.584
589	-1.419
590	-1.711
591	-2.876
592	-3.923
593	-4.072
594	-4.07
595	-4.098
596	-4.259
597	-4.412
598	-4.44
599	-4.471
600	-4.517
601	-4.625
602	-4.837
603	-5.124
604	-5.503
605	-5.758
606	-5.78
607	-5.738
608	-4.697
609	-3.385
610	-2.547
611	-1.818
612	-1.092
613	-0.522
614	-0.243
615	-0.232
616	-0.338
617	-0.26
618	-0.147
619	-0.241
620	-0.406
621	-0.457
622	-0.44
623	-0.44
624	-0.521
625	-0.346
626	-0.028
627	0.323
628	0.681
629	1.027
630	1.664
631	2.104
632	2.303
633	2.288
634	2.229
635	2.267
636	2.897
637	3.68
638	4.052
639	3.65
640	2.845
641	2.51
642	2.373
643	2.133
644	1.981
645	1.858
646	1.742
647	1.6
648	1.404
649	1.265
650	1.149
651	1.161
652	1.417
653	1.742
654	1.911
655	1.923
656	2.076
657	2.381
658	2.806
659	3.204
660	3.498
661	3.593
662	3.384
663	3.032
664	2.812
665	2.687
666	2.603
667	2.618
668	2.85
669	3.34
670	4.309
671	5.238
672	5.945
673	6.414
674	6.746
675	7.026
676	7.133
677	7.182
678	7.197
679	7.12
680	7.229
681	7.362
682	7.496
683	7.67
684	7.861
685	7.969
686	7.905
687	7.908
688	8.018
689	8.364
690	8.897
691	9.353
692	9.737
693	10.03
694	10.197
695	10.27
696	10.267
697	10.235
698	10.253
699	10.225
700	10.243
701	10.378
702	10.581
703	10.694
704	10.383
705	9.7
706	9.213
707	9.209
708	9.396
709	9.356
710	8.92
711	8.172
712	7.619
713	7.471
714	7.285
715	6.987
716	6.761
717	6.481
718	5.979
719	5.439
720	4.971
721	4.716
722	4.762
723	4.867
724	4.837
725	4.709
726	4.618
727	4.491
728	4.584
729	4.797
730	5.151
731	6.005
732	7.254
733	8.228
734	8.198
735	7.417
736	6.744
737	6.423
738	6.11
739	5.868
740	5.731
741	5.513
742	5.415
743	5.336
744	5.302
745	5.199
746	5.117
747	5.022
748	4.728
749	4.595
750	4.58
751	4.526
752	4.599
753	4.646
754	4.513
755	4.232
756	3.903
757	3.58
758	3.249
759	2.904
760	2.561
761	2.41
762	2.317
763	2.363
764	2.408
765	2.397
766	2.283
767	2.18
768	2.172
769	2.43
770	2.9
771	3.081
772	2.958
773	2.665
774	2.163
775	1.801
776	2.327
777	3.285
778	4.184
779	4.592
780	4.627
781	4.404
782	4.013
783	3.43
784	2.938
785	2.652
786	2.609
787	2.638
788	2.533
789	2.424
790	2.146
791	1.965
792	1.7
793	1.402
794	1.373
795	1.282
796	1.415
797	1.596
798	1.735
799	1.929
800	2.583
801	3.435
802	4.141
803	4.273
804	3.766
805	3.395
806	3.499
807	3.898
808	4.414
809	4.925
810	5.213
811	5.284
812	5.293
813	5.264
814	5.302
815	5.385
816	5.505
817	5.604
818	5.737
819	5.844
820	6.015
821	6.105
822	6.406
823	6.756
824	7.221
825	7.827
826	8.331
827	8.511
828	8.409
829	8.033
830	7.468
831	6.576
832	5.605
833	5.189
834	5.042
835	5.061
836	5.018
837	4.789
838	4.584
839	4.434
840	4.363
841	4.343
842	4.303
843	4.192
844	3.955
845	3.59
846	3.107
847	2.705
848	2.648
849	2.789
850	2.966
851	3.117
852	3.212
853	3.201
854	2.926
855	2.346
856	1.605
857	1.143
858	0.736
859	0.507
860	0.421
861	0.2
862	-0.022
863	-0.043
864	0.078
865	0.22
866	0.255
867	0.173
868	-0.015
869	-0.27
870	-0.592
871	-0.739
872	-0.13
873	1.034
874	2.304
875	3.354
876	3.948
877	4.148
878	3.912
879	2.693
880	1.162
881	1.266
882	1.415
883	1.525
884	1.688
885	1.844
886	1.953
887	2.123
888	2.134
889	1.991
890	1.823
891	1.768
892	1.731
893	1.674
894	1.463
895	1.522
896	2.198
897	2.85
898	3.355
899	3.6
900	3.625
901	3.46
902	3.093
903	2.386
904	1.691
905	1.405
906	1.192
907	1.07
908	1.014
909	0.967
910	0.91
911	0.774
912	0.639
913	0.519
914	0.417
915	0.343
916	0.235
917	0.007
918	-0.274
919	-0.167
920	0.812
921	1.573
922	2.086
923	2.407
924	2.513
925	2.455
926	2.204
927	1.227
928	-0.367
929	-0.795
930	-1.071
931	-1.333
932	-1.581
933	-1.732
934	-1.817
935	-1.83
936	-1.773
937	-1.67
938	-1.503
939	-1.288
940	-1.082
941	-0.924
942	-0.963
943	-0.799
944	0.102
945	1.084
946	1.739
947	2.09
948	2.255
949	2.232
950	1.949
951	0.694
952	-0.685
953	-1.076
954	-1.135
955	-1.171
956	-1.145
957	-1.2
958	-1.239
959	-1.304
960	-1.405
961	-1.5
962	-1.593
963	-1.676
964	-1.815
965	-1.95
966	-2.226
967	-2.197
968	-1.4
969	-0.361
970	0.547
971	1.23
972	1.599
973	1.632
974	1.249
975	0.299
976	-1.067
977	-1.824
978	-2.272
979	-2.489
980	-2.546
981	-2.531
982	-2.547
983	-2.645
984	-2.815
985	-2.997
986	-3.198
987	-3.36
988	-3.463
989	-3.499
990	-3.509
991	-3.27
992	-2.449
993	-1.43
994	-0.504
995	0.253
996	0.743
997	0.95
998	0.809
999	0.219
1000	-0.787
1001	-1.395
1002	-1.838
1003	-2.173
1004	-2.563
1005	-2.825
1006	-2.988
1007	-3.12
1008	-3.233
1009	-3.389
1010	-3.533
1011	-3.59
1012	-3.622
1013	-3.681
1014	-3.741
1015	-3.177
1016	-1.664
1017	-0.275
1018	0.544
1019	0.959
1020	1.137
1021	1.109
1022	0.815
1023	-0.212
1024	-1.676
1025	-1.83
1026	-1.755
1027	-1.859
1028	-1.886
1029	-1.996
1030	-2.18
1031	-2.328
1032	-2.517
1033	-2.576
1034	-2.711
1035	-2.809
1036	-2.976
1037	-3.122
1038	-3.28
1039	-2.9
1040	-1.749
1041	-0.205
1042	0.864
1043	1.307
1044	1.517
1045	1.571
1046	1.424
1047	0.504
1048	-0.866
1049	-1.201
1050	-1.226
1051	-1.338
1052	-1.764
1053	-2.292
1054	-2.609
1055	-2.9
1056	-3.295
1057	-3.71
1058	-4.018
1059	-4.222
1060	-4.31
1061	-4.306
1062	-4.207
1063	-3.814
1064	-3.136
1065	-2.413
1066	-1.778
1067	-1.261
1068	-0.875
1069	-0.592
1070	-0.398
1071	-0.379
1072	-0.42
1073	-0.369
1074	-0.235
1075	-0.023
1076	0.252
1077	0.516
1078	0.698
1079	0.841
1080	0.968
1081	1.089
1082	1.193
1083	1.313
1084	1.395
1085	1.452
1086	1.513
1087	1.852
1088	2.591
1089	3.139
1090	3.538
1091	3.87
1092	4.025
1093	3.926
1094	3.465
1095	2.662
1096	2.131
1097	2.049
1098	2.0
1099	2.025
1100	2.051
1101	2.069
1102	2.033
1103	1.992
1104	1.978
1105	1.952
1106	1.904
1107	1.84
1108	1.773
1109	1.739
1110	1.778
1111	2.172
1112	2.922
1113	3.476
1114	4.002
1115	4.512
1116	4.859
1117	4.991
1118	4.745
1119	4.047
1120	3.419
1121	3.09
1122	2.789
1123	2.524
1124	2.231
1125	1.919
1126	1.632
1127	1.407
1128	1.225
1129	1.045
1130	0.846
1131	0.659
1132	0.517
1133	0.348
1134	0.09
1135	0.327
1136	0.961
1137	1.99
1138	3.334
1139	4.316
1140	4.935
1141	5.195
1142	4.981
1143	3.434
1144	1.395
1145	0.364
1146	-0.164
1147	-0.566
1148	-0.9
1149	-1.083
1150	-1.163
1151	-1.166
1152	-1.134
1153	-1.17
1154	-1.178
1155	-1.131
1156	-1.093
1157	-1.155
1158	-1.279
1159	-0.425
1160	0.775
1161	2.138
1162	4.026
1163	5.055
1164	5.433
1165	5.514
1166	5.245
1167	4.261
1168	2.985
1169	2.379
1170	2.074
1171	1.798
1172	1.564
1173	1.307
1174	0.909
1175	0.347
1176	-0.126
1177	-0.326
1178	-0.185
1179	0.16
1180	0.439
1181	0.623
1182	0.831
1183	1.503
1184	2.405
1185	3.119
1186	3.73
1187	4.148
1188	4.337
1189	4.268
1190	4.016
1191	3.264
1192	2.223
1193	1.823
1194	1.578
1195	1.195
1196	0.646
1197	0.045
1198	-0.587
1199	-1.198
1200	-1.635
1201	-1.896
1202	-2.106
1203	-2.239
1204	-2.397
1205	-2.492
1206	-2.485
1207	-1.658
1208	-0.409
1209	0.729
1210	1.503
1211	1.944
1212	2.124
1213	2.074
1214	1.781
1215	1.086
1216	-0.725
1217	-1.476
1218	-1.598
1219	-1.835
1220	-2.107
1221	-2.33
1222	-2.456
1223	-2.551
1224	-2.632
1225	-2.713
1226	-2.791
1227	-2.801
1228	-2.764
1229	-2.629
1230	-2.506
1231	-1.65
1232	-0.445
1233	0.361
1234	0.775
1235	1.008
1236	1.082
1237	1.024
1238	0.734
1239	0.205
1240	-0.789
1241	-1.367
1242	-1.62
1243	-1.914
1244	-2.188
1245	-2.451
1246	-2.623
1247	-2.773
1248	-2.86
1249	-2.966
1250	-3.022
1251	-3.042
1252	-3.123
1253	-3.225
1254	-3.295
1255	-2.651
1256	-1.609
1257	-0.749
1258	-0.17
1259	0.211
1260	0.416
1261	0.421
1262	0.219
1263	-0.225
1264	-0.893
1265	-1.366
1266	-1.664
1267	-1.964
1268	-2.503
1269	-3.144
1270	-3.675
1271	-4.091
1272	-4.39
1273	-4.643
1274	-4.756
1275	-4.792
1276	-4.847
1277	-4.917
1278	-4.86
1279	-3.897
1280	-2.477
1281	-1.051
1282	-0.244
1283	0.313
1284	0.732
1285	0.93
1286	0.877
1287	0.577
1288	-0.03
1289	-0.45
1290	-0.582
1291	-0.657
1292	-0.766
1293	-0.833
1294	-0.853
1295	-0.874
1296	-0.867
1297	-0.834
1298	-0.81
1299	-0.803
1300	-0.791
1301	-0.752
1302	-0.697
1303	-0.461
1304	0.012
1305	0.548
1306	0.965
1307	1.224
1308	1.379
1309	1.389
1310	1.182
1311	0.826
1312	0.455
1313	0.238
1314	0.137
1315	0.087
1316	0.074
1317	0.082
1318	0.074
1319	0.047
1320	0.039
1321	0.101
1322	0.188
1323	0.212
1324	0.185
1325	0.18
1326	0.161
1327	0.588
1328	1.325
1329	2.098
1330	2.647
1331	2.963
1332	3.078
1333	2.928
1334	2.599
1335	2.166
1336	1.586
1337	1.189
1338	1.011
1339	0.871
1340	0.697
1341	0.606
1342	0.586
1343	0.549
1344	0.505
1345	0.431
1346	0.295
1347	0.119
1348	-0.133
1349	-0.362
1350	-0.398
1351	0.248
1352	1.297
1353	2.515
1354	3.586
1355	4.398
1356	4.818
1357	4.867
1358	4.54
1359	3.737
1360	2.222
1361	1.609
1362	1.53
1363	1.229
1364	0.96
1365	0.716
1366	0.472
1367	0.201
1368	-0.041
1369	-0.283
1370	-0.487
1371	-0.627
1372	-0.669
1373	-0.709
1374	-0.653
1375	0.062
1376	1.071
1377	1.685
1378	2.26
1379	2.845
1380	3.219
1381	3.361
1382	3.279
1383	2.704
1384	0.909
1385	-0.124
1386	-0.039
1387	-0.079
1388	-0.143
1389	-0.156
1390	-0.182
1391	-0.265
1392	-0.373
1393	-0.434
1394	-0.495
1395	-0.575
1396	-0.699
1397	-0.853
1398	-0.791
1399	0.186
1400	1.314
1401	2.212
1402	3.011
1403	3.687
1404	4.22
1405	4.482
1406	4.359
1407	3.643
1408	1.442
1409	0.237
1410	0.448
1411	0.711
1412	0.809
1413	0.864
1414	0.824
1415	0.838
1416	0.876
1417	0.982
1418	1.023
1419	1.148
1420	1.211
1421	1.255
1422	1.337
1423	2.256
1424	2.894
1425	3.647
1426	4.527
1427	5.257
1428	5.565
1429	5.612
1430	5.394
1431	4.719
1432	3.096
1433	1.653
1434	1.007
1435	0.208
1436	-0.256
1437	-0.394
1438	-0.309
1439	-0.181
1440	-0.255
1441	-0.416
1442	-0.568
1443	-0.664
1444	-0.67
1445	-0.632
1446	-0.475
1447	0.35
1448	1.533
1449	2.836
1450	4.031
1451	4.741
1452	5.198
1453	5.391
1454	5.247
1455	4.657
1456	2.906
1457	1.331
1458	0.894
1459	0.705
1460	0.54
1461	0.477
1462	0.492
1463	0.57
1464	0.643
1465	0.634
1466	0.641
1467	0.528
1468	0.493
1469	0.646
1470	0.953
1471	2.233
1472	3.427
1473	4.433
1474	5.27
1475	6.002
1476	6.479
1477	6.703
1478	6.616
1479	6.14
1480	4.459
1481	2.786
1482	2.174
1483	1.598
1484	0.918
1485	0.19
1486	-0.51
1487	-1.026
1488	-1.393
1489	-1.691
1490	-1.881
1491	-1.888
1492	-1.885
1493	-1.949
1494	-1.619
1495	-0.154
1496	1.751
1497	3.759
1498	5.449
1499	6.908
1500	8.075
1501	8.897
1502	9.189
1503	8.604
1504	6.242
1505	4.396
1506	4.005
1507	3.295
1508	2.516
1509	1.881
1510	1.367
1511	0.94
1512	0.626
1513	0.387
1514	0.219
1515	0.104
1516	-0.054
1517	-0.218
1518	0.039
1519	1.561
1520	3.592
1521	6.276
1522	9.15
1523	11.315
1524	12.494
1525	13.061
1526	13.07
1527	12.115
1528	9.537
1529	7.458
1530	6.837
1531	6.297
1532	5.76
1533	5.239
1534	4.701
1535	4.276
1536	4.014
1537	3.821
1538	3.583
1539	3.275
1540	2.993
1541	2.799
1542	3.223
1543	5.335
1544	7.007
1545	8.736
1546	10.768
1547	12.474
1548	13.677
1549	14.16
1550	14.014
1551	12.931
1552	10.655
1553	9.107
1554	8.735
1555	8.322
1556	7.696
1557	7.032
1558	6.329
1559	5.632
1560	4.994
1561	4.545
1562	4.267
1563	4.088
1564	3.998
1565	3.913
1566	3.927
1567	4.482
1568	5.405
1569	6.352
1570	7.365
1571	8.352
1572	9.03
1573	9.475
1574	9.583
1575	9.192
1576	8.269
1577	7.51
1578	7.185
1579	6.896
1580	6.658
1581	6.399
1582	6.074
1583	5.798
1584	5.663
1585	5.605
1586	5.545
1587	5.465
1588	5.389
1589	5.279
1590	5.33
1591	5.931
1592	6.942
1593	8.451
1594	9.898
1595	11.148
1596	11.937
1597	12.23
1598	12.027
1599	11.232
1600	9.914
1601	8.804
1602	8.147
1603	7.683
1604	7.324
1605	7.053
1606	6.777
1607	6.458
1608	6.113
1609	5.796
1610	5.532
1611	5.376
1612	5.194
1613	4.964
1614	4.727
1615	4.641
1616	4.701
1617	4.887
1618	5.052
1619	5.154
1620	5.106
1621	4.876
1622	4.521
1623	4.095
1624	3.64
1625	3.229
1626	2.959
1627	2.718
1628	2.459
1629	2.099
1630	1.81
1631	1.587
1632	1.424
1633	1.258
1634	1.059
1635	0.812
1636	0.531
1637	0.231
1638	-0.032
1639	-0.074
1640	0.116
1641	0.414
1642	0.762
1643	1.076
1644	1.354
1645	1.514
1646	1.462
1647	1.137
1648	0.513
1649	-0.372
1650	-0.919
1651	-1.394
1652	-1.833
1653	-2.136
1654	-2.339
1655	-2.542
1656	-2.749
1657	-2.943
1658	-3.083
1659	-3.207
1660	-3.328
1661	-3.493
1662	-3.449
1663	-2.875
1664	-2.198
1665	-1.729
1666	-1.388
1667	-1.201
1668	-1.185
1669	-1.226
1670	-1.325
1671	-1.515
1672	-1.852
1673	-2.287
1674	-2.541
1675	-2.73
1676	-2.856
1677	-2.916
1678	-2.954
1679	-3.035
1680	-3.152
1681	-3.251
1682	-3.371
1683	-3.514
1684	-3.706
1685	-3.854
1686	-3.781
1687	-3.179
1688	-2.385
1689	-1.592
1690	-0.862
1691	-0.286
1692	0.085
1693	0.26
1694	0.161
1695	-0.225
1696	-1.169
1697	-3.064
1698	-3.674
1699	-3.94
1700	-4.136
1701	-4.181
1702	-4.147
1703	-4.093
1704	-3.991
1705	-3.857
1706	-3.714
1707	-3.615
1708	-3.528
1709	-3.386
1710	-2.824
1711	-1.342
1712	-0.114
1713	0.873
1714	1.727
1715	2.296
1716	2.637
1717	2.785
1718	2.742
1719	2.425
1720	1.154
1721	-0.172
1722	-0.525
1723	-0.598
1724	-0.521
1725	-0.471
1726	-0.674
1727	-1.024
1728	-1.412
1729	-1.666
1730	-1.78
1731	-1.781
1732	-1.837
1733	-1.909
1734	-1.33
1735	0.025
1736	0.835
1737	1.172
1738	1.397
1739	1.487
1740	1.507
1741	1.485
1742	1.366
1743	1.079
1744	0.074
1745	-1.649
1746	-1.784
1747	-1.593
1748	-1.621
1749	-1.952
1750	-2.402
1751	-2.821
1752	-3.108
1753	-3.279
1754	-3.334
1755	-3.394
1756	-3.388
1757	-3.298
1758	-2.638
1759	-1.553
1760	-0.038
1761	1.418
1762	2.381
1763	2.968
1764	3.107
1765	2.798
1766	2.36
1767	1.932
1768	1.423
1769	0.952
1770	0.763
1771	0.692
1772	0.699
1773	0.834
1774	0.978
1775	1.02
1776	1.066
1777	0.989
1778	0.809
1779	0.659
1780	0.652
1781	0.673
1782	0.883
1783	1.528
1784	2.307
1785	3.199
1786	4.234
1787	5.01
1788	5.329
1789	5.266
1790	4.825
1791	4.156
1792	3.391
1793	2.624
1794	2.076
1795	1.812
1796	1.681
1797	1.648
1798	1.634
1799	1.582
1800	1.506
1801	1.454
1802	1.513
1803	1.513
1804	1.417
1805	1.329
1806	1.445
1807	2.085
1808	2.944
1809	3.947
1810	4.944
1811	5.81
1812	6.426
1813	6.766
1814	6.753
1815	6.329
1816	5.367
1817	4.376
1818	3.661
1819	2.869
1820	2.167
1821	1.751
1822	1.587
1823	1.545
1824	1.74
1825	1.976
1826	2.132
1827	2.225
1828	2.159
1829	2.072
1830	2.187
1831	2.762
1832	3.721
1833	5.059
1834	6.354
1835	7.357
1836	7.958
1837	8.21
1838	8.272
1839	8.057
1840	6.919
1841	4.906
1842	4.208
1843	3.831
1844	3.37
1845	2.803
1846	2.088
1847	1.49
1848	1.072
1849	0.725
1850	0.412
1851	0.207
1852	0.097
1853	0.092
1854	0.866
1855	1.873
1856	2.978
1857	3.928
1858	4.572
1859	5.124
1860	5.579
1861	5.725
1862	5.553
1863	5.149
1864	4.461
1865	3.374
1866	2.589
1867	1.768
1868	1.041
1869	0.465
1870	0.092
1871	-0.241
1872	-0.507
1873	-0.716
1874	-0.87
1875	-0.986
1876	-1.128
1877	-1.247
1878	-0.987
1879	-0.22
1880	0.775
1881	1.583
1882	2.206
1883	2.672
1884	2.953
1885	3.015
1886	2.878
1887	2.552
1888	1.959
1889	0.929
1890	0.146
1891	-0.419
1892	-0.989
1893	-1.412
1894	-1.588
1895	-1.683
1896	-1.709
1897	-1.72
1898	-1.659
1899	-1.594
1900	-1.545
1901	-1.476
1902	-0.508
1903	0.828
1904	1.683
1905	2.342
1906	2.954
1907	3.496
1908	3.886
1909	4.003
1910	3.885
1911	3.591
1912	2.898
1913	0.88
1914	-0.246
1915	-0.699
1916	-1.103
1917	-1.517
1918	-2.056
1919	-2.496
1920	-2.738
1921	-2.793
1922	-2.696
1923	-2.645
1924	-2.724
1925	-2.72
1926	-2.098
1927	-0.732
1928	0.821
1929	2.139
1930	3.161
1931	3.909
1932	4.377
1933	4.519
1934	4.247
1935	3.594
1936	2.586
1937	1.426
1938	0.56
1939	-0.066
1940	-0.546
1941	-0.838
1942	-1.05
1943	-1.29
1944	-1.518
1945	-1.718
1946	-1.877
1947	-1.967
1948	-1.999
1949	-2.043
1950	-1.966
1951	-1.68
1952	-1.218
1953	-0.596
1954	0.145
1955	0.892
1956	1.411
1957	1.624
1958	1.531
1959	1.134
1960	0.395
1961	-0.592
1962	-1.373
1963	-1.93
1964	-2.393
1965	-2.752
1966	-3.028
1967	-3.281
1968	-3.543
1969	-3.825
1970	-4.112
1971	-4.364
1972	-4.525
1973	-4.644
1974	-4.512
1975	-4.01
1976	-3.223
1977	-2.232
1978	-1.198
1979	-0.205
1980	0.584
1981	1.108
1982	1.318
1983	1.197
1984	0.737
1985	0.033
1986	-0.495
1987	-0.835
1988	-1.13
1989	-1.393
1990	-1.654
1991	-1.938
1992	-2.217
1993	-2.478
1994	-2.733
1995	-3.016
1996	-3.309
1997	-3.545
1998	-3.302
1999	-2.592
2000	-1.601
2001	-0.46
2002	0.676
2003	1.64
2004	2.313
2005	2.654
2006	2.638
2007	2.277
2008	1.566
2009	0.53
2010	-0.214
2011	-0.648
2012	-0.977
2013	-1.255
2014	-1.506
2015	-1.734
2016	-1.97
2017	-2.219
2018	-2.548
2019	-2.955
2020	-3.342
2021	-3.583
2022	-3.067
2023	-2.0
2024	-0.732
2025	0.548
2026	1.664
2027	2.536
2028	3.14
2029	3.448
2030	3.43
2031	3.068
2032	2.196
2033	0.403
2034	-0.809
2035	-1.132
2036	-1.484
2037	-1.816
2038	-2.103
2039	-2.335
2040	-2.547
2041	-2.723
2042	-2.924
2043	-3.244
2044	-3.62
2045	-3.868
2046	-3.199
2047	-1.841
2048	-0.293
2049	1.066
2050	2.199
2051	3.116
2052	3.801
2053	4.198
2054	4.262
2055	3.975
2056	2.968
2057	0.779
2058	-0.254
2059	-0.489
2060	-0.891
2061	-1.259
2062	-1.494
2063	-1.684
2064	-1.866
2065	-2.004
2066	-2.113
2067	-2.239
2068	-2.426
2069	-2.53
2070	-1.816
2071	-0.496
2072	0.754
2073	1.67
2074	2.241
2075	2.586
2076	2.7
2077	2.576
2078	2.322
2079	1.883
2080	1.156
2081	-0.057
2082	-0.706
2083	-0.869
2084	-1.114
2085	-1.292
2086	-1.5
2087	-1.702
2088	-1.805
2089	-1.817
2090	-1.8
2091	-1.849
2092	-1.879
2093	-1.841
2094	-1.11
2095	-0.32
2096	0.324
2097	0.878
2098	1.519
2099	2.097
2100	2.441
2101	2.487
2102	2.323
2103	2.024
2104	1.378
2105	-0.227
2106	-1.15
2107	-1.386
2108	-1.574
2109	-1.718
2110	-1.833
2111	-1.928
2112	-1.97
2113	-1.958
2114	-1.897
2115	-1.83
2116	-1.799
2117	-1.694
2118	-0.919
2119	0.285
2120	1.321
2121	2.157
2122	2.688
2123	3.049
2124	3.239
2125	3.293
2126	3.056
2127	2.654
2128	1.885
2129	0.344
2130	-0.65
2131	-0.882
2132	-1.194
2133	-1.426
2134	-1.556
2135	-1.668
2136	-1.694
2137	-1.685
2138	-1.629
2139	-1.578
2140	-1.509
2141	-1.326
2142	-0.291
2143	0.726
2144	1.583
2145	2.377
2146	3.062
2147	3.486
2148	3.634
2149	3.71
2150	3.596
2151	3.28
2152	2.514
2153	0.5
2154	-0.744
2155	-0.929
2156	-1.125
2157	-1.316
2158	-1.516
2159	-1.719
2160	-1.908
2161	-2.032
2162	-2.063
2163	-2.025
2164	-1.986
2165	-1.758
2166	-0.596
2167	0.999
2168	2.459
2169	3.351
2170	4.194
2171	4.963
2172	5.488
2173	5.762
2174	5.719
2175	5.325
2176	4.229
2177	1.742
2178	0.195
2179	-0.077
2180	-0.615
2181	-1.035
2182	-1.307
2183	-1.463
2184	-1.764
2185	-2.098
2186	-2.211
2187	-2.275
2188	-2.442
2189	-2.332
2190	-1.143
2191	0.957
2192	2.833
2193	4.1
2194	5.121
2195	5.893
2196	6.417
2197	6.647
2198	6.557
2199	6.139
2200	5.091
2201	2.706
2202	0.844
2203	0.332
2204	-0.267
2205	-0.933
2206	-1.481
2207	-1.793
2208	-1.997
2209	-2.099
2210	-2.087
2211	-2.146
2212	-2.219
2213	-1.974
2214	-0.752
2215	1.144
2216	2.766
2217	3.841
2218	4.758
2219	5.459
2220	5.898
2221	6.101
2222	6.084
2223	5.755
2224	5.017
2225	3.291
2226	1.569
2227	0.952
2228	0.319
2229	-0.252
2230	-0.59
2231	-0.723
2232	-0.662
2233	-0.596
2234	-0.516
2235	-0.515
2236	-0.58
2237	-0.46
2238	0.263
2239	1.415
2240	2.653
2241	3.561
2242	4.24
2243	4.699
2244	5.034
2245	5.227
2246	5.245
2247	5.128
2248	4.844
2249	3.815
2250	2.617
2251	2.313
2252	1.906
2253	1.422
2254	0.81
2255	0.256
2256	-0.157
2257	-0.526
2258	-0.873
2259	-1.051
2260	-1.151
2261	-0.965
2262	0.16
2263	1.69
2264	2.949
2265	4.002
2266	4.94
2267	5.731
2268	6.219
2269	6.321
2270	6.126
2271	5.714
2272	5.098
2273	4.09
2274	3.055
2275	2.637
2276	2.194
2277	1.872
2278	1.617
2279	1.236
2280	0.896
2281	0.619
2282	0.415
2283	0.203
2284	-0.025
2285	0.147
2286	1.306
2287	2.78
2288	4.271
2289	5.457
2290	6.314
2291	6.944
2292	7.335
2293	7.518
2294	7.42
2295	7.065
2296	6.433
2297	4.746
2298	2.494
2299	1.582
2300	0.823
2301	0.131
2302	-0.394
2303	-0.763
2304	-0.859
2305	-0.754
2306	-0.873
2307	-0.982
2308	-1.162
2309	-1.246
2310	-0.61
2311	0.931
2312	3.119
2313	5.667
2314	7.307
2315	8.217
2316	8.777
2317	9.018
2318	8.919
2319	8.482
2320	7.658
2321	5.691
2322	3.597
2323	3.0
2324	2.54
2325	2.071
2326	1.657
2327	1.317
2328	1.029
2329	0.73
2330	0.456
2331	0.236
2332	0.067
2333	0.179
2334	0.898
2335	1.923
2336	3.356
2337	4.941
2338	6.357
2339	7.393
2340	7.97
2341	8.251
2342	8.292
2343	8.101
2344	7.504
2345	6.369
2346	5.32
2347	4.859
2348	4.363
2349	3.856
2350	3.284
2351	2.684
2352	2.078
2353	1.524
2354	1.074
2355	0.669
2356	0.351
2357	0.788
2358	2.547
2359	4.24
2360	6.442
2361	7.854
2362	8.515
2363	8.833
2364	8.867
2365	8.629
2366	8.173
2367	7.771
2368	7.374
2369	6.728
2370	5.771
2371	5.398
2372	5.085
2373	4.871
2374	4.672
2375	4.519
2376	4.402
2377	4.301
2378	4.253
2379	4.238
2380	4.181
2381	4.364
2382	5.186
2383	5.848
2384	6.783
2385	7.682
2386	8.256
2387	8.404
2388	8.27
2389	8.16
2390	7.903
2391	7.508
2392	6.784
2393	5.654
2394	4.341
2395	3.997
2396	3.794
2397	3.671
2398	3.68
2399	3.875
2400	4.123
2401	4.414
2402	4.66
2403	4.931
2404	5.239
2405	5.712
2406	6.506
2407	7.372
2408	8.157
2409	8.707
2410	9.054
2411	9.192
2412	9.069
2413	8.924
2414	8.791
2415	8.547
2416	8.191
2417	7.461
2418	6.443
2419	5.696
2420	5.208
2421	4.89
2422	4.642
2423	4.426
2424	4.252
2425	4.181
2426	4.227
2427	4.386
2428	4.511
2429	4.989
2430	5.653
2431	6.767
2432	8.367
2433	9.722
2434	10.592
2435	10.991
2436	11.23
2437	11.435
2438	11.455
2439	11.056
2440	10.301
2441	9.189
2442	7.997
2443	7.536
2444	7.305
2445	7.077
2446	6.831
2447	6.484
2448	6.148
2449	5.878
2450	5.702
2451	5.5
2452	5.294
2453	5.313
2454	5.692
2455	6.341
2456	7.281
2457	8.328
2458	9.402
2459	10.413
2460	11.241
2461	11.744
2462	12.043
2463	12.073
2464	11.656
2465	10.347
2466	9.327
2467	9.136
2468	9.006
2469	8.908
2470	8.902
2471	8.91
2472	8.838
2473	8.828
2474	8.973
2475	9.109
2476	9.135
2477	9.332
2478	10.065
2479	11.249
2480	12.723
2481	14.178
2482	15.63
2483	16.883
2484	17.762
2485	18.263
2486	18.456
2487	18.368
2488	17.836
2489	16.722
2490	15.482
2491	14.772
2492	14.105
2493	13.37
2494	12.673
2495	11.924
2496	11.366
2497	10.868
2498	10.316
2499	9.688
2500	8.965
2501	9.563
2502	11.113
2503	12.313
2504	13.499
2505	14.176
2506	14.853
2507	15.433
2508	15.819
2509	15.877
2510	15.563
2511	14.917
2512	14.031
2513	12.801
2514	11.297
2515	10.621
2516	10.293
2517	9.844
2518	9.212
2519	8.457
2520	7.744
2521	7.297
2522	7.13
2523	7.286
2524	7.674
2525	8.863
2526	10.25
2527	11.904
2528	13.378
2529	14.291
2530	14.696
2531	14.586
2532	13.9
2533	13.079
2534	12.684
2535	12.435
2536	12.21
2537	11.852
2538	11.257
2539	10.627
2540	9.951
2541	9.384
2542	8.876
2543	8.492
2544	7.888
2545	7.349
2546	7.161
2547	7.35
2548	7.443
2549	8.184
2550	9.46
2551	10.578
2552	11.887
2553	13.425
2554	15.108
2555	16.534
2556	17.53
2557	18.152
2558	18.429
2559	18.342
2560	17.671
2561	16.224
2562	15.184
2563	14.99
2564	14.797
2565	14.492
2566	14.22
2567	13.746
2568	13.2
2569	12.67
2570	11.922
2571	10.91
2572	9.756
2573	9.169
2574	9.628
2575	10.642
2576	11.598
2577	12.28
2578	12.794
2579	13.179
2580	13.394
2581	13.398
2582	13.181
2583	12.753
2584	12.107
2585	11.177
2586	10.014
2587	9.236
2588	8.671
2589	8.081
2590	7.507
2591	7.008
2592	6.614
2593	6.221
2594	5.865
2595	5.535
2596	5.243
2597	5.723
2598	7.031
2599	8.568
2600	9.434
2601	9.889
2602	9.991
2603	10.035
2604	10.115
2605	10.224
2606	10.202
2607	9.947
2608	9.401
2609	8.545
2610	7.143
2611	6.078
2612	5.223
2613	4.443
2614	3.718
2615	3.087
2616	2.698
2617	2.49
2618	2.144
2619	1.742
2620	1.704
2621	2.667
2622	4.287
2623	5.84
2624	7.188
2625	8.332
2626	9.335
2627	10.159
2628	10.737
2629	11.038
2630	11.02
2631	10.672
2632	9.997
2633	8.763
2634	6.617
2635	5.491
2636	4.744
2637	3.979
2638	3.364
2639	2.945
2640	2.609
2641	2.355
2642	2.226
2643	2.251
2644	2.147
2645	2.847
2646	4.37
2647	6.46
2648	9.235
2649	11.225
2650	12.237
2651	12.947
2652	13.393
2653	13.557
2654	13.418
2655	12.935
2656	12.046
2657	10.487
2658	8.198
2659	6.772
2660	5.842
2661	5.077
2662	4.368
2663	3.801
2664	3.162
2665	2.56
2666	2.182
2667	1.923
2668	1.984
2669	3.542
2670	5.049
2671	6.979
2672	9.003
2673	10.811
2674	12.023
2675	12.692
2676	13.106
2677	13.301
2678	13.265
2679	12.916
2680	12.265
2681	11.021
2682	9.283
2683	8.649
2684	8.553
2685	8.323
2686	7.932
2687	7.637
2688	7.459
2689	7.397
2690	7.416
2691	7.457
2692	7.528
2693	7.828
2694	8.255
2695	8.81
2696	9.526
2697	10.414
2698	11.529
2699	12.535
2700	12.94
2701	13.182
2702	13.181
2703	12.906
2704	12.429
2705	11.571
2706	9.982
2707	9.182
2708	8.949
2709	8.752
2710	8.428
2711	7.979
2712	7.516
2713	7.137
2714	6.856
2715	6.664
2716	6.465
2717	7.557
2718	8.889
2719	11.032
2720	12.949
2721	14.426
2722	15.519
2723	16.288
2724	16.742
2725	16.886
2726	16.802
2727	16.415
2728	15.645
2729	14.321
2730	12.481
2731	11.313
2732	10.595
2733	9.897
2734	9.26
2735	8.955
2736	8.767
2737	8.57
2738	8.323
2739	8.079
2740	8.014
2741	9.055
2742	10.337
2743	12.108
2744	13.956
2745	15.778
2746	17.324
2747	18.484
2748	19.23
2749	19.615
2750	19.65
2751	19.371
2752	18.662
2753	17.212
2754	14.684
2755	13.122
2756	12.232
2757	11.301
2758	10.466
2759	9.679
2760	8.943
2761	8.419
2762	8.324
2763	8.323
2764	8.291
2765	8.713
2766	9.246
2767	9.713
2768	9.937
2769	9.821
2770	9.455
2771	9.011
2772	8.511
2773	8.093
2774	7.755
2775	7.364
2776	6.944
2777	6.535
2778	6.045
2779	5.597
2780	5.353
2781	5.135
2782	4.925
2783	4.718
2784	4.414
2785	4.094
2786	3.836
2787	3.585
2788	3.439
2789	4.247
2790	5.203
2791	6.055
2792	6.985
2793	7.922
2794	8.722
2795	9.19
2796	9.339
2797	9.278
2798	9.011
2799	8.619
2800	8.118
2801	7.431
2802	6.205
2803	4.848
2804	4.075
2805	3.443
2806	2.882
2807	2.344
2808	1.825
2809	1.586
2810	1.734
2811	2.0
2812	2.404
2813	3.578
2814	4.86
2815	6.253
2816	7.732
2817	9.105
2818	10.269
2819	11.159
2820	11.775
2821	12.118
2822	12.185
2823	11.903
2824	11.318
2825	10.304
2826	8.08
2827	6.447
2828	5.77
2829	5.277
2830	5.08
2831	4.918
2832	4.665
2833	4.234
2834	3.818
2835	3.56
2836	3.531
2837	4.433
2838	5.848
2839	7.254
2840	8.156
2841	8.834
2842	9.489
2843	10.16
2844	10.72
2845	11.036
2846	11.131
2847	11.058
2848	10.694
2849	9.863
2850	7.608
2851	6.102
2852	5.724
2853	5.412
2854	5.092
2855	4.671
2856	4.281
2857	4.197
2858	4.201
2859	3.903
2860	3.786
2861	5.488
2862	7.477
2863	9.45
2864	11.078
2865	11.986
2866	12.603
2867	13.011
2868	13.264
2869	13.223
2870	12.922
2871	12.39
2872	11.651
2873	10.579
2874	8.924
2875	7.58
2876	6.901
2877	6.342
2878	5.825
2879	5.323
2880	4.833
2881	4.369
2882	3.79
2883	3.254
2884	3.16
2885	4.416
2886	6.094
2887	8.138
2888	10.21
2889	12.139
2890	13.575
2891	14.468
2892	15.048
2893	15.394
2894	15.466
2895	15.171
2896	14.461
2897	13.122
2898	11.251
2899	9.896
2900	9.128
2901	8.499
2902	8.022
2903	7.565
2904	7.147
2905	6.727
2906	6.395
2907	6.237
2908	6.321
2909	7.152
2910	8.331
2911	9.809
2912	11.297
2913	12.606
2914	13.677
2915	14.449
2916	14.967
2917	15.162
2918	15.059
2919	14.743
2920	14.244
2921	13.378
2922	12.121
2923	11.043
2924	10.372
2925	9.754
2926	9.166
2927	8.599
2928	8.005
2929	7.495
2930	7.026
2931	6.602
2932	6.516
2933	8.292
2934	9.819
2935	12.03
2936	13.994
2937	15.211
2938	16.039
2939	16.612
2940	16.915
2941	16.943
2942	16.791
2943	16.454
2944	15.849
2945	14.744
2946	12.702
2947	10.975
2948	10.148
2949	9.435
2950	8.723
2951	7.986
2952	7.282
2953	6.6
2954	6.093
2955	5.859
2956	6.276
2957	7.858
2958	9.507
2959	11.498
2960	12.795
2961	13.709
2962	14.425
2963	14.962
2964	15.317
2965	15.458
2966	15.321
2967	14.867
2968	13.999
2969	12.875
2970	11.647
2971	10.229
2972	9.242
2973	8.575
2974	8.158
2975	7.865
2976	7.605
2977	7.382
2978	7.214
2979	7.112
2980	7.087
2981	7.617
2982	8.718
2983	10.309
2984	12.191
2985	14.2
2986	15.524
2987	16.31
2988	16.834
2989	17.138
2990	17.209
2991	16.98
2992	16.5
2993	15.617
2994	13.582
2995	11.66
2996	10.607
2997	9.811
2998	9.17
2999	8.609
3000	8.123
3001	7.71
3002	7.382
3003	7.264
3004	7.696
3005	9.68
3006	11.38
3007	13.351
3008	16.428
3009	18.354
3010	19.446
3011	20.093
3012	20.321
3013	20.217
3014	19.78
3015	18.965
3016	17.882
3017	16.295
3018	14.494
3019	13.087
3020	12.406
3021	11.891
3022	11.439
3023	11.054
3024	10.724
3025	10.438
3026	10.183
3027	9.945
3028	10.096
3029	11.715
3030	13.054
3031	14.667
3032	16.683
3033	18.473
3034	19.561
3035	20.06
3036	20.002
3037	19.565
3038	18.882
3039	18.017
3040	17.113
3041	16.244
3042	15.23
3043	14.338
3044	13.811
3045	13.314
3046	12.815
3047	12.219
3048	11.651
3049	11.26
3050	11.093
3051	11.051
3052	11.319
3053	12.396
3054	13.302
3055	14.602
3056	15.967
3057	17.174
3058	18.099
3059	18.555
3060	18.379
3061	17.894
3062	17.556
3063	17.337
3064	16.99
3065	16.37
3066	15.309
3067	14.156
3068	13.39
3069	12.634
3070	11.995
3071	11.372
3072	10.869
3073	10.526
3074	10.295
3075	10.043
3076	9.997
3077	10.515
3078	11.039
3079	11.834
3080	12.617
3081	13.283
3082	13.908
3083	14.41
3084	14.798
3085	15.067
3086	15.188
3087	15.053
3088	14.639
3089	13.824
3090	12.114
3091	10.07
3092	9.412
3093	9.109
3094	9.049
3095	8.907
3096	8.728
3097	8.602
3098	8.493
3099	8.405
3100	8.607
3101	9.445
3102	10.474
3103	11.45
3104	12.462
3105	13.348
3106	14.072
3107	14.576
3108	14.851
3109	14.965
3110	14.834
3111	14.411
3112	13.793
3113	13.07
3114	12.041
3115	10.752
3116	10.09
3117	9.675
3118	9.185
3119	8.728
3120	8.408
3121	8.154
3122	8.024
3123	7.933
3124	8.124
3125	8.995
3126	10.334
3127	11.584
3128	12.31
3129	12.489
3130	12.534
3131	12.643
3132	12.858
3133	12.975
3134	13.003
3135	12.951
3136	12.572
3137	11.831
3138	11.04
3139	10.491
3140	10.18
3141	9.794
3142	9.361
3143	8.971
3144	8.641
3145	8.346
3146	7.992
3147	7.562
3148	7.337
3149	7.756
3150	8.351
3151	9.065
3152	9.8
3153	10.407
3154	10.897
3155	11.346
3156	11.682
3157	11.883
3158	11.873
3159	11.736
3160	11.499
3161	11.029
3162	10.178
3163	9.092
3164	8.616
3165	8.236
3166	7.927
3167	7.733
3168	7.693
3169	7.93
3170	8.385
3171	8.882
3172	9.298
3173	9.89
3174	10.507
3175	11.061
3176	11.72
3177	12.078
3178	12.412
3179	12.68
3180	12.712
3181	12.548
3182	12.195
3183	12.049
3184	11.977
3185	11.509
3186	10.534
3187	9.45
3188	9.014
3189	8.75
3190	8.494
3191	8.296
3192	8.125
3193	7.846
3194	7.557
3195	7.236
3196	7.255
3197	7.915
3198	8.66
3199	9.428
3200	10.015
3201	10.356
3202	10.604
3203	10.927
3204	11.276
3205	11.449
3206	11.187
3207	10.798
3208	10.497
3209	10.234
3210	9.591
3211	8.886
3212	8.704
3213	8.581
3214	8.543
3215	8.625
3216	8.665
3217	8.602
3218	8.592
3219	8.7
3220	8.995
3221	9.554
3222	10.382
3223	11.439
3224	12.461
3225	13.527
3226	13.987
3227	14.065
3228	14.273
3229	14.647
3230	14.841
3231	14.693
3232	14.176
3233	13.262
3234	11.89
3235	10.478
3236	9.727
3237	9.081
3238	8.623
3239	8.446
3240	8.219
3241	7.68
3242	7.097
3243	6.673
3244	7.215
3245	8.88
3246	9.979
3247	10.885
3248	11.379
3249	11.716
3250	12.008
3251	12.253
3252	12.448
3253	12.418
3254	12.165
3255	11.773
3256	11.29
3257	10.82
3258	10.366
3259	9.926
3260	9.569
3261	9.244
3262	8.914
3263	8.586
3264	8.362
3265	8.173
3266	8.02
3267	7.968
3268	8.105
3269	8.485
3270	8.981
3271	9.567
3272	10.437
3273	11.255
3274	11.762
3275	12.204
3276	12.442
3277	12.443
3278	12.117
3279	11.641
3280	11.076
3281	10.376
3282	9.627
3283	8.974
3284	8.475
3285	8.254
3286	8.166
3287	8.137
3288	8.109
3289	8.075
3290	8.019
3291	7.973
3292	8.059
3293	8.372
3294	8.828
3295	9.325
3296	9.679
3297	9.992
3298	10.468
3299	11.057
3300	11.597
3301	12.066
3302	12.582
3303	13.017
3304	13.122
3305	12.866
3306	11.808
3307	9.929
3308	8.974
3309	8.337
3310	7.74
3311	7.172
3312	6.701
3313	6.299
3314	6.112
3315	6.346
3316	7.036
3317	8.358
3318	9.806
3319	11.53
3320	12.987
3321	14.095
3322	14.92
3323	15.512
3324	15.867
3325	15.912
3326	15.693
3327	15.172
3328	14.417
3329	13.439
3330	12.222
3331	10.916
3332	10.112
3333	9.683
3334	9.539
3335	9.564
3336	9.586
3337	9.606
3338	9.632
3339	9.619
3340	9.763
3341	10.083
3342	10.533
3343	11.113
3344	11.782
3345	12.44
3346	13.012
3347	13.493
3348	13.903
3349	14.234
3350	14.39
3351	14.321
3352	14.001
3353	13.461
3354	12.697
3355	11.612
3356	10.892
3357	10.386
3358	10.032
3359	9.806
3360	9.639
3361	9.494
3362	9.368
3363	9.252
3364	9.524
3365	10.243
3366	11.057
3367	11.842
3368	12.544
3369	13.0
3370	13.209
3371	13.232
3372	13.048
3373	12.628
3374	12.143
3375	11.764
3376	11.283
3377	10.69
3378	10.139
3379	9.707
3380	9.378
3381	9.144
3382	8.967
3383	8.782
3384	8.594
3385	8.427
3386	8.247
3387	8.066
3388	8.021
3389	8.279
3390	8.817
3391	9.551
3392	10.153
3393	10.598
3394	11.033
3395	11.446
3396	11.84
3397	12.02
3398	11.929
3399	11.566
3400	10.999
3401	10.242
3402	9.283
3403	7.683
3404	6.689
3405	6.167
3406	5.762
3407	5.558
3408	5.506
3409	5.479
3410	5.345
3411	5.151
3412	5.186
3413	5.468
3414	5.727
3415	5.912
3416	6.076
3417	6.356
3418	6.785
3419	7.101
3420	7.446
3421	7.726
3422	7.993
3423	8.049
3424	7.875
3425	7.557
3426	6.888
3427	5.415
3428	4.673
3429	4.262
3430	3.963
3431	3.84
3432	3.673
3433	3.648
3434	3.672
3435	3.706
3436	4.203
3437	4.918
3438	5.829
3439	6.718
3440	7.507
3441	8.163
3442	8.717
3443	9.134
3444	9.385
3445	9.593
3446	9.809
3447	9.981
3448	10.124
3449	10.037
3450	9.146
3451	7.521
3452	6.79
3453	6.444
3454	6.028
3455	5.552
3456	5.061
3457	4.608
3458	4.293
3459	4.054
3460	5.171
3461	7.122
3462	8.698
3463	10.05
3464	11.112
3465	11.916
3466	12.47
3467	12.778
3468	12.84
3469	12.591
3470	12.033
3471	11.212
3472	10.269
3473	9.375
3474	8.643
3475	8.121
3476	7.807
3477	7.646
3478	7.613
3479	7.654
3480	7.753
3481	7.89
3482	7.991
3483	8.006
3484	8.06
3485	8.357
3486	8.929
3487	9.684
3488	10.539
3489	11.242
3490	11.774
3491	12.172
3492	12.406
3493	12.466
3494	12.366
3495	12.097
3496	11.651
3497	10.906
3498	9.937
3499	8.902
3500	8.311
3501	8.096
3502	7.979
3503	7.87
3504	7.702
3505	7.414
3506	7.135
3507	6.914
3508	7.7
3509	9.29
3510	10.994
3511	12.854
3512	14.391
3513	15.436
3514	16.142
3515	16.613
3516	16.903
3517	17.022
3518	16.965
3519	16.739
3520	16.327
3521	15.671
3522	14.336
3523	12.483
3524	11.053
3525	10.116
3526	9.612
3527	9.33
3528	9.005
3529	8.563
3530	8.098
3531	7.764
3532	8.653
3533	10.458
3534	12.444
3535	14.753
3536	16.399
3537	17.479
3538	18.273
3539	18.876
3540	19.313
3541	19.564
3542	19.583
3543	19.369
3544	18.824
3545	17.869
3546	16.312
3547	14.758
3548	13.828
3549	12.931
3550	12.003
3551	11.189
3552	10.56
3553	10.089
3554	9.769
3555	9.55
3556	9.897
3557	10.302
3558	10.769
3559	11.202
3560	11.62
3561	12.016
3562	12.434
3563	12.768
3564	13.033
3565	13.282
3566	13.466
3567	13.453
3568	13.252
3569	12.823
3570	12.174
3571	11.167
3572	10.559
3573	10.34
3574	10.233
3575	10.099
3576	9.962
3577	9.815
3578	9.652
3579	9.447
3580	9.932
3581	10.908
3582	11.781
3583	12.824
3584	13.709
3585	14.356
3586	14.876
3587	15.216
3588	15.624
3589	15.871
3590	15.953
3591	15.879
3592	15.559
3593	15.017
3594	14.166
3595	12.736
3596	11.785
3597	11.354
3598	11.007
3599	10.769
3600	10.634
3601	10.526
3602	10.557
3603	10.716
3604	11.183
3605	11.869
3606	12.711
3607	13.728
3608	14.847
3609	16.045
3610	17.109
3611	17.689
3612	17.815
3613	17.615
3614	17.143
3615	16.281
3616	15.105
3617	13.845
3618	12.598
3619	11.385
3620	10.59
3621	10.285
3622	10.173
3623	10.106
3624	10.001
3625	9.859
3626	9.727
3627	9.568
3628	9.6
3629	9.856
3630	10.341
3631	10.953
3632	11.638
3633	12.273
3634	12.954
3635	13.603
3636	13.968
3637	13.991
3638	13.771
3639	13.392
3640	12.955
3641	12.335
3642	11.557
3643	10.597
3644	9.79
3645	9.184
3646	8.649
3647	8.275
3648	8.019
3649	7.844
3650	7.499
3651	7.186
3652	8.104
3653	9.678
3654	11.023
3655	12.162
3656	13.229
3657	14.174
3658	14.943
3659	15.493
3660	15.795
3661	15.847
3662	15.642
3663	15.213
3664	14.607
3665	13.785
3666	12.658
3667	10.823
3668	9.372
3669	8.605
3670	7.958
3671	7.386
3672	6.902
3673	6.555
3674	6.331
3675	6.278
3676	7.689
3677	9.391
3678	10.671
3679	11.693
3680	12.58
3681	13.417
3682	14.155
3683	14.739
3684	15.097
3685	15.211
3686	15.056
3687	14.654
3688	14.016
3689	13.157
3690	12.017
3691	10.399
3692	9.189
3693	8.585
3694	8.107
3695	7.755
3696	7.604
3697	7.58
3698	7.75
3699	8.007
3700	8.922
3701	9.8
3702	10.892
3703	12.414
3704	14.174
3705	15.843
3706	17.135
3707	18.083
3708	18.744
3709	19.1
3710	19.146
3711	18.902
3712	18.364
3713	17.408
3714	15.865
3715	13.74
3716	12.408
3717	11.609
3718	10.779
3719	9.968
3720	9.258
3721	8.678
3722	8.337
3723	8.149
3724	9.5
3725	11.117
3726	12.998
3727	15.642
3728	17.453
3729	18.443
3730	19.177
3731	19.726
3732	20.072
3733	20.239
3734	20.287
3735	20.124
3736	19.735
3737	18.901
3738	17.251
3739	15.065
3740	13.819
3741	13.081
3742	12.407
3743	11.822
3744	11.293
3745	10.823
3746	10.45
3747	10.204
3748	11.347
3749	12.698
3750	14.456
3751	16.379
3752	18.115
3753	19.574
3754	20.748
3755	21.614
3756	22.14
3757	22.411
3758	22.423
3759	22.166
3760	21.577
3761	20.459
3762	18.456
3763	16.271
3764	14.995
3765	14.165
3766	13.397
3767	12.68
3768	12.037
3769	11.483
3770	11.026
3771	10.74
3772	11.816
3773	13.103
3774	14.772
3775	17.006
3776	18.803
3777	20.222
3778	21.191
3779	21.788
3780	22.1
3781	22.153
3782	21.978
3783	21.54
3784	20.633
3785	19.261
3786	17.402
3787	15.444
3788	13.946
3789	12.881
3790	12.047
3791	11.371
3792	10.833
3793	10.421
3794	10.111
3795	9.906
3796	10.461
3797	11.553
3798	12.874
3799	14.241
3800	15.543
3801	16.724
3802	17.711
3803	18.45
3804	18.939
3805	19.125
3806	18.999
3807	18.556
3808	17.742
3809	16.606
3810	15.112
3811	13.447
3812	12.155
3813	11.374
3814	10.848
3815	10.508
3816	10.19
3817	10.027
3818	9.95
3819	9.813
3820	9.929
3821	10.377
3822	11.169
3823	12.337
3824	13.641
3825	14.813
3826	15.779
3827	16.514
3828	16.974
3829	17.121
3830	16.978
3831	16.619
3832	16.072
3833	15.262
3834	14.175
3835	12.726
3836	11.548
3837	10.848
3838	10.279
3839	9.845
3840	9.528
3841	9.39
3842	9.37
3843	9.397
3844	9.958
3845	10.616
3846	11.35
3847	12.396
3848	13.549
3849	14.568
3850	15.414
3851	16.072
3852	16.522
3853	16.733
3854	16.68
3855	16.433
3856	15.948
3857	15.228
3858	14.24
3859	12.623
3860	11.257
3861	10.514
3862	9.909
3863	9.447
3864	9.087
3865	8.74
3866	8.358
3867	8.146
3868	9.311
3869	10.793
3870	12.493
3871	14.078
3872	15.434
3873	16.628
3874	17.686
3875	18.584
3876	19.286
3877	19.759
3878	19.965
3879	19.973
3880	19.732
3881	19.272
3882	18.349
3883	16.899
3884	15.777
3885	15.116
3886	14.684
3887	14.348
3888	14.147
3889	14.079
3890	13.983
3891	13.887
3892	14.411
3893	15.166
3894	16.268
3895	17.278
3896	17.963
3897	18.794
3898	19.354
3899	19.45
3900	19.448
3901	19.788
3902	20.185
3903	19.946
3904	19.217
3905	18.383
3906	17.649
3907	17.205
3908	17.12
3909	17.202
3910	17.221
3911	17.055
3912	16.95
3913	16.861
3914	16.59
3915	16.305
3916	16.291
3917	16.555
3918	17.017
3919	17.58
3920	17.978
3921	18.322
3922	18.782
3923	18.959
3924	18.629
3925	17.503
3926	16.098
3927	15.112
3928	14.573
3929	14.233
3930	13.965
3931	13.551
3932	13.178
3933	12.967
3934	12.743
3935	12.319
3936	11.823
3937	11.419
3938	11.054
3939	10.796
3940	11.253
3941	12.342
3942	13.632
3943	14.5
3944	14.945
3945	15.614
3946	16.5
3947	17.214
3948	17.687
3949	17.631
3950	17.241
3951	16.808
3952	16.453
3953	16.08
3954	15.469
3955	14.32
3956	13.248
3957	12.455
3958	11.795
3959	11.327
3960	10.963
3961	10.635
3962	10.331
3963	10.331
3964	11.033
3965	12.243
3966	13.566
3967	14.561
3968	15.423
3969	16.163
3970	16.53
3971	16.705
3972	16.955
3973	16.969
3974	16.809
3975	16.57
3976	16.196
3977	15.601
3978	14.766
3979	13.742
3980	12.987
3981	12.541
3982	12.116
3983	11.797
3984	11.546
3985	11.323
3986	11.142
3987	10.963
3988	11.226
3989	11.816
3990	13.219
3991	14.645
3992	15.64
3993	16.359
3994	16.923
3995	17.385
3996	17.685
3997	17.549
3998	16.937
3999	16.278
4000	16.026
4001	15.726
4002	15.103
4003	13.714
4004	12.725
4005	12.341
4006	11.988
4007	11.666
4008	11.346
4009	10.943
4010	10.494
4011	10.23
4012	11.427
4013	12.758
4014	14.482
4015	16.479
4016	17.966
4017	19.165
4018	19.996
4019	20.682
4020	21.257
4021	21.688
4022	21.927
4023	21.903
4024	21.338
4025	20.188
4026	18.895
4027	17.695
4028	16.833
4029	16.186
4030	15.656
4031	15.225
4032	14.813
4033	14.405
4034	14.018
4035	13.931
4036	14.751
4037	15.613
4038	16.865
4039	18.796
4040	20.717
4041	22.403
4042	23.834
4043	25.161
4044	26.29
4045	27.078
4046	27.56
4047	27.668
4048	27.49
4049	26.839
4050	25.198
4051	23.656
4052	22.153
4053	21.144
4054	20.436
4055	19.839
4056	19.219
4057	18.643
4058	18.18
4059	17.898
4060	18.396
4061	19.369
4062	19.908
4063	20.482
4064	21.247
4065	22.109
4066	22.96
4067	23.569
4068	23.736
4069	23.585
4070	23.169
4071	22.562
4072	21.73
4073	20.755
4074	19.764
4075	18.834
4076	18.116
4077	17.505
4078	16.858
4079	16.32
4080	15.876
4081	15.543
4082	15.356
4083	15.312
4084	15.535
4085	16.058
4086	16.83
4087	17.812
4088	18.909
4089	19.959
4090	20.848
4091	21.571
4092	22.138
4093	22.291
4094	22.138
4095	21.848
4096	21.521
4097	21.06
4098	20.436
4099	19.547
4100	18.926
4101	18.468
4102	17.941
4103	17.462
4104	17.113
4105	16.776
4106	16.35
4107	15.944
4108	15.694
4109	15.655
4110	15.782
4111	15.97
4112	16.192
4113	16.428
4114	16.791
4115	17.204
4116	17.428
4117	17.45
4118	17.376
4119	17.285
4120	17.006
4121	16.58
4122	16.051
4123	15.301
4124	14.627
4125	14.291
4126	14.104
4127	13.922
4128	13.748
4129	13.623
4130	13.446
4131	13.269
4132	13.58
4133	14.388
4134	15.501
4135	16.722
4136	17.777
4137	18.48
4138	18.835
4139	18.847
4140	18.548
4141	18.128
4142	17.854
4143	17.796
4144	17.651
4145	17.324
4146	16.625
4147	15.592
4148	14.655
4149	13.998
4150	13.428
4151	12.885
4152	12.418
4153	12.089
4154	11.87
4155	11.745
4156	12.019
4157	12.699
4158	13.589
4159	14.692
4160	15.751
4161	16.458
4162	16.793
4163	16.721
4164	16.88
4165	17.04
4166	17.194
4167	17.055
4168	16.63
4169	15.958
4170	15.109
4171	14.227
4172	13.55
4173	13.146
4174	12.879
4175	12.607
4176	12.372
4177	12.19
4178	12.101
4179	11.972
4180	12.246
4181	12.783
4182	13.511
4183	14.29
4184	15.015
4185	15.456
4186	15.757
4187	15.828
4188	15.786
4189	15.685
4190	15.521
4191	15.213
4192	14.757
4193	14.171
4194	13.507
4195	12.354
4196	11.248
4197	10.834
4198	10.497
4199	10.211
4200	9.963
4201	9.767
4202	9.589
4203	9.487
4204	10.753
4205	12.236
4206	13.277
4207	14.207
4208	15.049
4209	15.729
4210	16.256
4211	16.61
4212	16.849
4213	16.877
4214	16.73
4215	16.411
4216	15.9
4217	15.241
4218	14.257
4219	12.461
4220	11.034
4221	10.355
4222	9.747
4223	9.27
4224	8.92
4225	8.662
4226	8.479
4227	8.445
4228	9.948
4229	11.834
4230	13.108
4231	14.142
4232	15.015
4233	15.692
4234	16.091
4235	16.406
4236	16.604
4237	16.853
4238	16.864
4239	16.68
4240	16.213
4241	15.49
4242	14.487
4243	13.33
4244	12.646
4245	12.265
4246	11.903
4247	11.47
4248	10.951
4249	10.467
4250	10.139
4251	10.035
4252	10.961
4253	11.913
4254	12.736
4255	13.54
4256	14.094
4257	14.166
4258	14.089
4259	14.048
4260	14.018
4261	14.006
4262	13.893
4263	13.674
4264	13.31
4265	12.914
4266	12.391
4267	11.583
4268	11.145
4269	11.108
4270	11.192
4271	11.25
4272	11.368
4273	11.506
4274	11.586
4275	11.56
4276	11.751
4277	12.191
4278	12.793
4279	13.551
4280	14.354
4281	14.977
4282	15.454
4283	15.793
4284	15.978
4285	16.086
4286	16.013
4287	15.874
4288	15.507
4289	14.907
4290	14.201
4291	13.638
4292	13.448
4293	13.47
4294	13.565
4295	13.666
4296	13.805
4297	13.879
4298	13.801
4299	13.591
4300	13.58
4301	13.811
4302	14.08
4303	14.293
4304	14.57
4305	15.278
4306	15.816
4307	16.041
4308	16.144
4309	16.137
4310	16.063
4311	15.8
4312	15.27
4313	14.61
4314	13.756
4315	12.168
4316	10.909
4317	10.286
4318	9.829
4319	9.508
4320	9.378
4321	9.634
4322	10.132
4323	10.713
4324	11.454
4325	12.146
4326	13.114
4327	14.429
4328	15.867
4329	17.262
4330	18.479
4331	19.338
4332	19.943
4333	20.259
4334	20.288
4335	20.2
4336	19.918
4337	19.413
4338	18.477
4339	17.001
4340	16.098
4341	15.613
4342	15.047
4343	14.498
4344	13.986
4345	13.638
4346	13.455
4347	13.309
4348	13.621
4349	14.443
4350	15.629
4351	16.634
4352	17.379
4353	17.93
4354	18.399
4355	18.63
4356	18.526
4357	18.239
4358	17.958
4359	17.605
4360	17.185
4361	16.61
4362	15.986
4363	14.667
4364	13.655
4365	13.194
4366	12.948
4367	12.65
4368	12.226
4369	11.879
4370	11.532
4371	11.309
4372	12.172
4373	13.595
4374	14.869
4375	15.939
4376	16.81
4377	17.74
4378	18.681
4379	19.344
4380	19.514
4381	19.419
4382	19.447
4383	19.513
4384	19.426
4385	19.093
4386	18.118
4387	16.754
4388	15.995
4389	15.894
4390	15.754
4391	15.546
4392	15.424
4393	15.35
4394	15.285
4395	15.248
4396	15.378
4397	15.591
4398	15.801
4399	15.971
4400	16.306
4401	16.909
4402	17.731
4403	18.44
4404	18.682
4405	18.733
4406	18.665
4407	18.458
4408	18.112
4409	17.662
4410	17.02
4411	16.06
4412	15.38
4413	15.13
4414	14.97
4415	14.764
4416	14.538
4417	14.355
4418	14.196
4419	14.092
4420	14.712
4421	15.478
4422	16.586
4423	17.858
4424	19.078
4425	19.954
4426	20.525
4427	20.974
4428	21.308
4429	21.4
4430	21.179
4431	20.637
4432	19.891
4433	19.147
4434	18.253
4435	17.164
4436	16.361
4437	15.91
4438	15.512
4439	15.141
4440	14.837
4441	14.597
4442	14.346
4443	14.185
4444	14.771
4445	15.478
4446	16.405
4447	17.599
4448	18.876
4449	20.058
4450	21.074
4451	21.674
4452	21.91
4453	21.977
4454	21.884
4455	21.568
4456	21.07
4457	20.319
4458	18.968
4459	16.94
4460	15.746
4461	15.08
4462	14.459
4463	13.839
4464	13.221
4465	12.649
4466	12.125
4467	11.749
4468	12.829
4469	14.222
4470	15.939
4471	18.296
4472	20.057
4473	21.368
4474	22.303
4475	22.987
4476	23.463
4477	23.758
4478	23.831
4479	23.617
4480	23.124
4481	22.225
4482	20.453
4483	18.235
4484	17.063
4485	16.337
4486	15.553
4487	14.756
4488	13.989
4489	13.293
4490	12.678
4491	12.27
4492	13.57
4493	15.109
4494	16.859
4495	19.415
4496	21.101
4497	22.08
4498	22.848
4499	23.461
4500	23.891
4501	24.111
4502	24.086
4503	23.817
4504	23.133
4505	21.972
4506	20.229
4507	18.407
4508	17.342
4509	16.546
4510	15.732
4511	15.002
4512	14.414
4513	13.949
4514	13.574
4515	13.302
4516	14.064
4517	15.249
4518	17.047
4519	18.873
4520	20.529
4521	21.807
4522	22.699
4523	23.309
4524	23.659
4525	23.785
4526	23.681
4527	23.343
4528	22.696
4529	21.698
4530	20.201
4531	18.447
4532	17.159
4533	16.145
4534	15.252
4535	14.487
4536	13.825
4537	13.262
4538	12.795
4539	12.477
4540	13.343
4541	14.662
4542	16.172
4543	17.594
4544	18.94
4545	20.197
4546	21.228
4547	21.96
4548	22.414
4549	22.584
4550	22.495
4551	22.178
4552	21.582
4553	20.648
4554	19.17
4555	17.323
4556	16.345
4557	15.745
4558	15.085
4559	14.49
4560	13.968
4561	13.494
4562	13.078
4563	12.816
4564	13.997
4565	15.448
4566	17.0
4567	18.284
4568	19.264
4569	19.945
4570	20.327
4571	20.5
4572	20.424
4573	20.132
4574	19.646
4575	19.024
4576	18.28
4577	17.354
4578	16.305
4579	15.196
4580	14.452
4581	13.846
4582	13.314
4583	12.908
4584	12.744
4585	12.678
4586	12.622
4587	12.649
4588	13.177
4589	13.955
4590	14.698
4591	15.585
4592	16.575
4593	17.448
4594	18.139
4595	18.678
4596	18.984
4597	19.081
4598	18.931
4599	18.591
4600	18.047
4601	17.281
4602	16.262
4603	14.611
4604	13.548
4605	12.952
4606	12.401
4607	11.953
4608	11.576
4609	11.302
4610	11.187
4611	11.291
4612	12.433
4613	13.802
4614	14.879
4615	15.844
4616	16.725
4617	17.356
4618	17.921
4619	18.462
4620	18.931
4621	19.203
4622	19.172
4623	18.919
4624	18.346
4625	17.589
4626	16.765
4627	15.72
4628	15.024
4629	14.624
4630	14.232
4631	13.857
4632	13.645
4633	13.439
4634	13.263
4635	13.141
4636	13.768
4637	14.788
4638	15.686
4639	16.403
4640	17.31
4641	18.324
4642	19.247
4643	19.989
4644	20.49
4645	20.803
4646	20.906
4647	20.776
4648	20.34
4649	19.645
4650	18.318
4651	16.313
4652	15.206
4653	14.522
4654	13.922
4655	13.429
4656	13.025
4657	12.708
4658	12.442
4659	12.359
4660	13.18
4661	14.396
4662	15.365
4663	16.285
4664	17.281
4665	18.339
4666	19.247
4667	19.99
4668	20.561
4669	20.826
4670	20.786
4671	20.6
4672	20.267
4673	19.755
4674	18.797
4675	17.511
4676	16.956
4677	16.624
4678	16.092
4679	15.35
4680	14.641
4681	14.159
4682	13.703
4683	13.369
4684	14.035
4685	15.601
4686	17.39
4687	19.153
4688	20.485
4689	21.533
4690	22.346
4691	22.911
4692	23.252
4693	23.348
4694	23.193
4695	22.845
4696	22.268
4697	21.358
4698	19.742
4699	17.446
4700	16.321
4701	15.69
4702	15.13
4703	14.655
4704	14.224
4705	13.885
4706	13.726
4707	13.793
4708	14.536
4709	15.809
4710	16.797
4711	18.674
4712	20.832
4713	21.881
4714	22.693
4715	23.269
4716	23.538
4717	23.544
4718	23.382
4719	23.04
4720	22.4
4721	21.329
4722	19.872
4723	18.477
4724	17.676
4725	17.169
4726	16.724
4727	16.336
4728	15.948
4729	15.586
4730	15.296
4731	15.101
4732	15.721
4733	16.929
4734	17.932
4735	19.439
4736	20.762
4737	21.7
4738	22.454
4739	23.012
4740	23.387
4741	23.611
4742	23.622
4743	23.412
4744	22.979
4745	22.228
4746	20.991
4747	19.499
4748	18.716
4749	18.157
4750	17.568
4751	16.918
4752	16.29
4753	15.74
4754	15.307
4755	14.994
4756	15.876
4757	17.155
4758	18.727
4759	20.72
4760	22.238
4761	23.347
4762	24.15
4763	24.707
4764	25.027
4765	25.113
4766	24.967
4767	24.605
4768	23.946
4769	22.921
4770	21.356
4771	19.512
4772	18.458
4773	17.621
4774	16.841
4775	16.144
4776	15.562
4777	15.084
4778	14.718
4779	14.458
4780	15.413
4781	16.928
4782	18.746
4783	20.402
4784	21.655
4785	22.715
4786	23.545
4787	24.09
4788	24.335
4789	24.343
4790	24.091
4791	23.623
4792	22.917
4793	21.949
4794	20.643
4795	18.875
4796	17.756
4797	16.983
4798	16.275
4799	15.63
4800	15.109
4801	14.74
4802	14.505
4803	14.342
4804	15.4
4805	16.816
4806	18.005
4807	19.109
4808	20.044
4809	20.865
4810	21.544
4811	22.13
4812	22.543
4813	22.794
4814	22.855
4815	22.77
4816	22.528
4817	22.011
4818	20.743
4819	18.709
4820	17.826
4821	17.309
4822	16.806
4823	16.283
4824	15.788
4825	15.332
4826	14.919
4827	14.541
4828	15.326
4829	16.601
4830	18.27
4831	20.723
4832	23.038
4833	24.58
4834	25.585
4835	26.309
4836	26.853
4837	27.227
4838	27.416
4839	27.45
4840	27.318
4841	26.789
4842	24.639
4843	22.377
4844	21.273
4845	20.507
4846	19.793
4847	19.136
4848	18.61
4849	18.262
4850	18.085
4851	18.038
4852	18.759
4853	20.281
4854	21.468
4855	22.983
4856	25.378
4857	27.368
4858	28.51
4859	29.221
4860	29.644
4861	29.824
4862	29.781
4863	29.535
4864	29.411
4865	28.455
4866	26.217
4867	23.796
4868	22.5
4869	21.622
4870	20.877
4871	20.259
4872	19.69
4873	19.147
4874	18.62
4875	18.187
4876	18.68
4877	19.999
4878	21.044
4879	22.883
4880	25.157
4881	26.792
4882	28.008
4883	28.711
4884	29.166
4885	29.395
4886	29.417
4887	29.192
4888	29.021
4889	27.983
4890	26.027
4891	23.875
4892	22.39
4893	21.477
4894	20.817
4895	20.216
4896	19.661
4897	19.208
4898	18.776
4899	18.457
4900	18.551
4901	18.928
4902	19.456
4903	20.145
4904	20.588
4905	20.995
4906	21.422
4907	21.91
4908	22.475
4909	23.054
4910	23.422
4911	23.439
4912	23.06
4913	22.308
4914	21.002
4915	19.216
4916	18.408
4917	17.993
4918	17.759
4919	17.481
4920	17.12
4921	16.666
4922	16.173
4923	15.83
4924	16.348
4925	18.133
4926	19.597
4927	21.812
4928	23.126
4929	24.018
4930	24.849
4931	25.595
4932	26.155
4933	26.417
4934	26.388
4935	25.986
4936	25.323
4937	24.394
4938	22.904
4939	21.166
4940	19.995
4941	19.19
4942	18.694
4943	18.391
4944	18.244
4945	18.13
4946	17.926
4947	17.714
4948	18.18
4949	19.524
4950	20.714
4951	21.872
4952	22.179
4953	22.297
4954	22.353
4955	22.635
4956	23.223
4957	23.72
4958	23.881
4959	23.958
4960	23.795
4961	23.401
4962	22.499
4963	21.458
4964	21.103
4965	20.665
4966	20.149
4967	19.671
4968	19.286
4969	19.03
4970	18.911
4971	18.872
4972	19.245
4973	20.319
4974	20.99
4975	21.709
4976	22.63
4977	23.319
4978	23.516
4979	23.663
4980	23.821
4981	23.822
4982	23.669
4983	23.503
4984	23.391
4985	23.16
4986	22.26
4987	21.211
4988	20.699
4989	20.423
4990	20.214
4991	19.998
4992	19.691
4993	19.359
4994	19.154
4995	18.949
4996	18.612
4997	18.238
4998	18.244
4999	18.865
5000	19.819
5001	20.706
5002	21.494
5003	22.127
5004	22.552
5005	22.599
5006	22.634
5007	22.504
5008	22.11
5009	21.53
5010	20.514
5011	19.51
5012	19.074
5013	18.487
5014	17.979
5015	17.485
5016	17.094
5017	17.092
5018	16.852
5019	16.624
5020	16.864
5021	17.719
5022	18.47
5023	19.378
5024	20.311
5025	21.14
5026	21.569
5027	21.839
5028	21.91
5029	21.826
5030	21.699
5031	21.479
5032	21.227
5033	20.72
5034	19.621
5035	18.172
5036	17.587
5037	17.236
5038	16.984
5039	16.619
5040	16.149
5041	15.638
5042	15.22
5043	14.893
5044	15.097
5045	15.941
5046	17.017
5047	17.945
5048	18.59
5049	19.186
5050	19.955
5051	20.599
5052	20.999
5053	21.081
5054	20.761
5055	20.152
5056	19.455
5057	18.722
5058	18.119
5059	17.765
5060	17.766
5061	17.822
5062	17.767
5063	17.562
5064	17.266
5065	16.893
5066	16.493
5067	16.256
5068	16.445
5069	17.267
5070	18.138
5071	19.034
5072	19.951
5073	20.68
5074	21.24
5075	21.63
5076	21.83
5077	21.802
5078	21.614
5079	21.377
5080	21.079
5081	20.646
5082	19.861
5083	18.932
5084	18.541
5085	18.243
5086	18.048
5087	17.961
5088	17.936
5089	18.026
5090	18.078
5091	17.882
5092	17.899
5093	18.585
5094	19.855
5095	21.996
5096	23.748
5097	25.014
5098	26.022
5099	26.851
5100	27.504
5101	27.953
5102	28.198
5103	28.166
5104	27.818
5105	26.822
5106	24.705
5107	22.93
5108	22.25
5109	21.72
5110	21.177
5111	20.602
5112	20.043
5113	19.529
5114	19.06
5115	18.644
5116	18.908
5117	20.351
5118	21.889
5119	23.945
5120	25.943
5121	27.603
5122	28.858
5123	29.771
5124	30.407
5125	30.756
5126	30.82
5127	30.522
5128	29.646
5129	28.136
5130	26.083
5131	24.271
5132	23.199
5133	22.167
5134	21.251
5135	20.486
5136	19.829
5137	19.114
5138	18.625
5139	18.509
5140	18.358
5141	18.423
5142	18.868
5143	19.917
5144	20.984
5145	21.78
5146	22.175
5147	22.341
5148	22.299
5149	22.219
5150	22.138
5151	21.927
5152	21.546
5153	20.892
5154	19.479
5155	17.808
5156	17.245
5157	16.858
5158	16.593
5159	16.371
5160	16.048
5161	15.519
5162	14.869
5163	14.342
5164	14.509
5165	16.533
5166	18.134
5167	20.139
5168	21.431
5169	22.423
5170	23.177
5171	23.728
5172	24.129
5173	24.323
5174	24.328
5175	24.131
5176	23.955
5177	23.361
5178	21.961
5179	20.771
5180	20.234
5181	19.851
5182	19.361
5183	18.876
5184	18.253
5185	17.597
5186	16.807
5187	16.121
5188	15.969
5189	17.654
5190	19.005
5191	20.984
5192	23.169
5193	24.636
5194	25.636
5195	26.273
5196	26.607
5197	26.775
5198	26.757
5199	26.446
5200	25.753
5201	24.499
5202	23.453
5203	22.251
5204	21.018
5205	20.287
5206	19.629
5207	19.052
5208	18.523
5209	17.972
5210	17.458
5211	16.98
5212	16.771
5213	17.291
5214	18.027
5215	18.834
5216	19.656
5217	20.368
5218	20.965
5219	21.337
5220	21.525
5221	21.399
5222	20.994
5223	20.352
5224	19.707
5225	19.105
5226	18.231
5227	17.166
5228	16.673
5229	16.238
5230	15.905
5231	15.67
5232	15.389
5233	14.949
5234	14.62
5235	14.467
5236	14.668
5237	15.639
5238	16.565
5239	17.401
5240	18.064
5241	18.552
5242	18.935
5243	19.028
5244	18.902
5245	18.593
5246	18.181
5247	17.83
5248	17.495
5249	17.042
5250	16.494
5251	16.024
5252	15.725
5253	15.477
5254	15.257
5255	15.064
5256	14.878
5257	14.595
5258	14.288
5259	14.026
5260	13.995
5261	15.173
5262	16.381
5263	17.524
5264	18.64
5265	19.537
5266	20.159
5267	20.606
5268	20.867
5269	20.928
5270	20.792
5271	20.46
5272	19.962
5273	19.176
5274	17.552
5275	16.105
5276	15.767
5277	15.485
5278	15.089
5279	14.856
5280	14.522
5281	13.633
5282	13.134
5283	12.945
5284	13.12
5285	14.474
5286	15.645
5287	17.511
5288	19.22
5289	20.455
5290	21.265
5291	21.684
5292	21.771
5293	21.662
5294	21.398
5295	21.085
5296	20.725
5297	20.138
5298	18.707
5299	17.264
5300	16.655
5301	16.081
5302	15.646
5303	15.329
5304	14.976
5305	14.632
5306	14.315
5307	14.024
5308	14.11
5309	15.789
5310	17.074
5311	18.151
5312	19.016
5313	19.499
5314	19.477
5315	19.278
5316	19.091
5317	18.862
5318	18.535
5319	18.106
5320	17.533
5321	16.847
5322	15.559
5323	14.037
5324	13.579
5325	13.325
5326	13.13
5327	12.894
5328	12.691
5329	12.682
5330	12.701
5331	12.651
5332	12.804
5333	14.001
5334	15.479
5335	17.224
5336	18.511
5337	19.435
5338	20.128
5339	20.567
5340	20.867
5341	21.039
5342	20.902
5343	20.514
5344	19.904
5345	19.14
5346	17.695
5347	16.175
5348	15.638
5349	15.193
5350	14.816
5351	14.525
5352	14.291
5353	14.115
5354	13.95
5355	13.818
5356	14.044
5357	15.165
5358	16.211
5359	17.127
5360	17.844
5361	18.295
5362	18.59
5363	18.657
5364	18.697
5365	18.734
5366	18.703
5367	18.435
5368	17.955
5369	17.279
5370	15.899
5371	14.454
5372	13.993
5373	13.738
5374	13.666
5375	13.698
5376	13.705
5377	13.571
5378	13.259
5379	12.918
5380	12.816
5381	14.205
5382	15.451
5383	16.412
5384	17.011
5385	17.428
5386	17.725
5387	17.921
5388	17.998
5389	17.991
5390	17.844
5391	17.604
5392	17.216
5393	16.576
5394	14.969
5395	13.423
5396	12.974
5397	12.587
5398	12.226
5399	11.918
5400	11.666
5401	11.46
5402	11.283
5403	11.202
5404	11.415
5405	13.367
5406	15.346
5407	16.802
5408	17.723
5409	18.473
5410	19.129
5411	19.517
5412	19.812
5413	19.986
5414	20.096
5415	19.963
5416	19.536
5417	18.728
5418	17.136
5419	16.415
5420	16.24
5421	15.755
5422	14.908
5423	13.964
5424	13.362
5425	12.791
5426	12.345
5427	12.088
5428	12.271
5429	13.849
5430	14.993
5431	16.401
5432	17.832
5433	18.723
5434	19.22
5435	19.819
5436	20.551
5437	21.149
5438	21.371
5439	21.279
5440	21.039
5441	20.434
5442	18.604
5443	17.315
5444	16.877
5445	16.524
5446	16.243
5447	15.962
5448	15.65
5449	15.317
5450	15.086
5451	14.957
5452	14.917
5453	15.694
5454	16.783
5455	18.696
5456	21.032
5457	22.681
5458	23.761
5459	24.438
5460	24.793
5461	24.824
5462	24.473
5463	23.748
5464	22.692
5465	21.206
5466	19.243
5467	17.963
5468	17.311
5469	16.768
5470	16.379
5471	16.086
5472	15.73
5473	15.374
5474	14.98
5475	14.684
5476	14.607
5477	15.905
5478	17.161
5479	18.871
5480	20.061
5481	20.932
5482	21.78
5483	22.515
5484	22.978
5485	23.051
5486	22.934
5487	22.695
5488	22.028
5489	20.95
5490	19.783
5491	19.074
5492	18.607
5493	18.251
5494	18.102
5495	18.002
5496	17.923
5497	17.841
5498	17.737
5499	17.589
5500	17.476
5501	17.535
5502	17.862
5503	18.327
5504	18.727
5505	19.265
5506	20.217
5507	20.983
5508	21.271
5509	21.355
5510	21.246
5511	20.965
5512	20.539
5513	19.767
5514	17.877
5515	16.954
5516	16.789
5517	16.462
5518	15.982
5519	15.383
5520	14.856
5521	14.491
5522	14.208
5523	13.973
5524	13.904
5525	15.298
5526	16.647
5527	17.985
5528	18.856
5529	19.328
5530	19.28
5531	18.891
5532	18.855
5533	19.062
5534	19.062
5535	18.782
5536	18.305
5537	17.444
5538	15.525
5539	14.297
5540	13.805
5541	13.359
5542	13.002
5543	12.746
5544	12.586
5545	12.488
5546	12.372
5547	12.207
5548	12.08
5549	13.347
5550	15.383
5551	17.371
5552	18.732
5553	19.478
5554	20.088
5555	20.5
5556	20.824
5557	21.049
5558	21.094
5559	20.853
5560	20.461
5561	19.624
5562	17.934
5563	16.852
5564	16.078
5565	15.244
5566	14.549
5567	13.871
5568	13.227
5569	12.687
5570	12.396
5571	12.335
5572	12.292
5573	13.379
5574	14.752
5575	16.54
5576	19.183
5577	20.745
5578	21.617
5579	22.044
5580	22.116
5581	22.067
5582	21.965
5583	21.823
5584	21.44
5585	20.595
5586	19.633
5587	19.038
5588	18.236
5589	16.965
5590	15.772
5591	14.917
5592	14.213
5593	13.664
5594	13.262
5595	13.077
5596	13.171
5597	14.33
5598	16.0
5599	17.242
5600	19.113
5601	20.563
5602	21.32
5603	21.77
5604	21.913
5605	21.826
5606	21.54
5607	21.127
5608	20.608
5609	19.683
5610	18.796
5611	18.183
5612	17.584
5613	17.026
5614	16.613
5615	16.209
5616	15.788
5617	15.449
5618	15.166
5619	14.942
5620	14.683
5621	15.379
5622	16.86
5623	18.202
5624	20.568
5625	22.255
5626	23.189
5627	23.878
5628	24.404
5629	24.708
5630	24.796
5631	24.607
5632	24.065
5633	22.592
5634	20.17
5635	19.108
5636	18.547
5637	18.003
5638	17.518
5639	17.034
5640	16.687
5641	16.308
5642	15.907
5643	15.599
5644	15.342
5645	15.471
5646	16.06
5647	17.129
5648	18.515
5649	19.717
5650	20.457
5651	20.896
5652	21.139
5653	21.348
5654	21.362
5655	20.965
5656	20.197
5657	19.116
5658	18.001
5659	17.414
5660	16.969
5661	16.433
5662	15.899
5663	15.454
5664	14.992
5665	14.521
5666	14.145
5667	13.904
5668	13.684
5669	14.516
5670	15.769
5671	16.937
5672	18.148
5673	19.169
5674	20.211
5675	21.11
5676	21.57
5677	21.759
5678	21.783
5679	21.745
5680	21.467
5681	20.442
5682	18.755
5683	17.926
5684	17.328
5685	16.758
5686	16.128
5687	15.417
5688	14.695
5689	14.03
5690	13.409
5691	12.834
5692	12.361
5693	13.097
5694	14.518
5695	16.627
5696	18.618
5697	20.162
5698	21.085
5699	21.601
5700	22.0
5701	22.274
5702	22.32
5703	22.02
5704	21.259
5705	19.816
5706	17.918
5707	16.959
5708	16.229
5709	15.551
5710	14.932
5711	14.317
5712	13.693
5713	13.057
5714	12.456
5715	11.918
5716	11.446
5717	12.436
5718	14.018
5719	16.045
5720	18.919
5721	21.071
5722	21.881
5723	22.32
5724	22.566
5725	22.646
5726	22.522
5727	22.141
5728	21.357
5729	19.866
5730	17.845
5731	17.059
5732	16.604
5733	16.1
5734	15.642
5735	15.262
5736	14.881
5737	14.542
5738	14.232
5739	13.984
5740	13.745
5741	14.63
5742	16.538
5743	18.255
5744	20.183
5745	21.265
5746	21.896
5747	22.289
5748	22.525
5749	22.517
5750	22.386
5751	22.074
5752	21.474
5753	20.021
5754	17.835
5755	16.85
5756	16.176
5757	15.52
5758	14.938
5759	14.468
5760	14.075
5761	13.715
5762	13.402
5763	13.119
5764	12.989
5765	13.765
5766	15.285
5767	16.605
5768	18.352
5769	19.748
5770	20.772
5771	21.569
5772	22.092
5773	22.361
5774	22.349
5775	22.049
5776	21.371
5777	19.782
5778	17.739
5779	17.008
5780	16.619
5781	16.216
5782	15.818
5783	15.428
5784	14.972
5785	14.449
5786	13.951
5787	13.506
5788	13.222
5789	14.235
5790	16.09
5791	17.755
5792	19.415
5793	20.392
5794	21.097
5795	21.628
5796	21.947
5797	22.023
5798	21.802
5799	21.317
5800	20.771
5801	19.64
5802	17.778
5803	16.9
5804	16.371
5805	15.976
5806	15.826
5807	15.866
5808	15.996
5809	16.116
5810	16.175
5811	16.272
5812	16.425
5813	16.65
5814	16.975
5815	17.346
5816	17.945
5817	18.734
5818	19.447
5819	19.865
5820	19.86
5821	19.599
5822	19.136
5823	18.424
5824	17.528
5825	16.261
5826	14.539
5827	13.614
5828	13.111
5829	12.874
5830	12.512
5831	12.1
5832	12.007
5833	11.89
5834	11.675
5835	11.575
5836	11.666
5837	12.563
5838	14.292
5839	15.638
5840	16.367
5841	16.729
5842	17.175
5843	17.285
5844	17.112
5845	16.851
5846	16.639
5847	16.342
5848	15.977
5849	15.579
5850	15.155
5851	14.947
5852	14.776
5853	14.783
5854	14.801
5855	14.532
5856	14.198
5857	14.031
5858	13.936
5859	13.834
5860	13.744
5861	14.071
5862	15.215
5863	16.572
5864	17.626
5865	18.417
5866	19.131
5867	19.742
5868	20.151
5869	20.334
5870	20.274
5871	20.048
5872	19.665
5873	18.873
5874	17.09
5875	16.309
5876	16.035
5877	15.944
5878	15.861
5879	15.753
5880	15.565
5881	15.262
5882	14.881
5883	14.588
5884	14.383
5885	15.179
5886	17.35
5887	18.879
5888	20.293
5889	21.38
5890	22.269
5891	23.0
5892	23.482
5893	23.662
5894	23.573
5895	23.147
5896	22.408
5897	21.028
5898	18.935
5899	18.046
5900	17.469
5901	16.978
5902	16.528
5903	16.132
5904	15.762
5905	15.457
5906	15.2
5907	15.014
5908	14.857
5909	15.365
5910	17.0
5911	18.828
5912	20.834
5913	22.028
5914	22.874
5915	23.626
5916	24.185
5917	24.541
5918	24.644
5919	24.426
5920	23.778
5921	21.895
5922	19.659
5923	18.992
5924	18.479
5925	17.871
5926	17.213
5927	16.574
5928	15.992
5929	15.505
5930	15.164
5931	14.937
5932	14.754
5933	15.29
5934	16.915
5935	18.801
5936	21.418
5937	23.988
5938	25.826
5939	26.982
5940	27.645
5941	27.972
5942	28.003
5943	27.857
5944	27.012
5945	24.745
5946	22.806
5947	21.686
5948	20.861
5949	20.292
5950	19.791
5951	19.271
5952	18.682
5953	18.089
5954	17.513
5955	17.011
5956	16.592
5957	16.893
5958	18.452
5959	19.936
5960	21.914
5961	23.347
5962	24.347
5963	25.048
5964	25.394
5965	25.442
5966	25.254
5967	24.752
5968	23.814
5969	21.98
5970	20.159
5971	19.252
5972	18.458
5973	17.823
5974	17.294
5975	16.801
5976	16.343
5977	15.951
5978	15.658
5979	15.423
5980	15.298
5981	15.633
5982	16.855
5983	17.831
5984	18.819
5985	19.595
5986	20.132
5987	20.532
5988	20.589
5989	20.319
5990	19.846
5991	19.046
5992	18.171
5993	17.272
5994	16.087
5995	15.793
5996	15.817
5997	15.726
5998	15.471
5999	15.141
6000	14.927
6001	14.677
6002	14.342
6003	13.933
6004	13.634
6005	13.478
6006	13.594
6007	13.894
6008	14.313
6009	14.907
6010	15.809
6011	16.95
6012	17.794
6013	18.13
6014	18.186
6015	17.943
6016	17.437
6017	16.344
6018	15.252
6019	14.563
6020	13.974
6021	13.419
6022	13.231
6023	12.986
6024	12.638
6025	12.224
6026	11.914
6027	11.719
6028	11.613
6029	11.726
6030	12.669
6031	13.551
6032	14.516
6033	15.332
6034	15.999
6035	16.435
6036	16.616
6037	16.495
6038	16.05
6039	15.429
6040	14.652
6041	13.65
6042	12.841
6043	12.467
6044	12.168
6045	11.946
6046	11.748
6047	11.631
6048	11.511
6049	11.414
6050	11.349
6051	11.286
6052	11.238
6053	11.36
6054	12.091
6055	12.8
6056	13.29
6057	13.666
6058	14.005
6059	14.273
6060	14.473
6061	14.609
6062	14.58
6063	14.222
6064	13.747
6065	13.418
6066	13.352
6067	13.392
6068	13.32
6069	13.285
6070	13.274
6071	13.091
6072	12.862
6073	12.647
6074	12.446
6075	12.37
6076	12.436
6077	12.745
6078	13.808
6079	14.918
6080	15.956
6081	16.746
6082	17.233
6083	17.458
6084	17.479
6085	17.38
6086	17.121
6087	16.709
6088	16.109
6089	14.966
6090	13.622
6091	13.129
6092	12.695
6093	12.411
6094	12.188
6095	12.067
6096	11.959
6097	11.859
6098	11.801
6099	11.708
6100	11.629
6101	11.847
6102	13.731
6103	14.988
6104	15.897
6105	16.704
6106	17.362
6107	17.776
6108	17.944
6109	17.978
6110	17.855
6111	17.477
6112	16.907
6113	15.682
6114	14.402
6115	13.911
6116	13.518
6117	13.124
6118	12.8
6119	12.509
6120	12.218
6121	11.966
6122	11.761
6123	11.683
6124	11.574
6125	11.796
6126	13.206
6127	14.273
6128	15.846
6129	17.07
6130	17.911
6131	18.48
6132	18.732
6133	18.739
6134	18.442
6135	17.932
6136	17.16
6137	16.194
6138	15.618
6139	15.36
6140	15.143
6141	15.012
6142	14.992
6143	15.046
6144	15.128
6145	15.194
6146	15.248
6147	15.28
6148	15.286
6149	15.304
6150	15.473
6151	15.662
6152	15.916
6153	16.387
6154	16.919
6155	17.285
6156	17.363
6157	17.133
6158	16.765
6159	16.216
6160	15.488
6161	14.499
6162	13.519
6163	13.001
6164	12.447
6165	11.915
6166	11.513
6167	11.194
6168	10.894
6169	10.543
6170	10.237
6171	9.983
6172	9.817
6173	9.896
6174	11.983
6175	13.628
6176	14.614
6177	15.267
6178	15.763
6179	16.275
6180	16.575
6181	16.4
6182	16.028
6183	15.566
6184	14.956
6185	14.235
6186	13.701
6187	13.361
6188	13.174
6189	13.125
6190	13.151
6191	13.241
6192	13.252
6193	12.959
6194	12.361
6195	11.685
6196	11.025
6197	10.614
6198	11.202
6199	12.136
6200	12.971
6201	13.452
6202	13.7
6203	13.853
6204	13.888
6205	13.814
6206	13.592
6207	13.182
6208	12.58
6209	11.464
6210	10.584
6211	10.335
6212	10.17
6213	10.084
6214	10.083
6215	10.11
6216	10.154
6217	9.991
6218	9.757
6219	9.648
6220	9.653
6221	9.62
6222	10.146
6223	11.069
6224	11.867
6225	12.501
6226	13.067
6227	13.135
6228	13.113
6229	13.046
6230	12.792
6231	12.212
6232	11.304
6233	10.414
6234	9.853
6235	9.641
6236	9.532
6237	9.472
6238	9.515
6239	9.647
6240	9.601
6241	9.347
6242	9.07
6243	8.714
6244	8.384
6245	8.318
6246	9.786
6247	11.215
6248	12.331
6249	13.307
6250	14.048
6251	14.531
6252	14.769
6253	14.675
6254	14.373
6255	13.876
6256	13.199
6257	11.965
6258	10.759
6259	10.372
6260	10.098
6261	9.926
6262	9.736
6263	9.601
6264	9.492
6265	9.446
6266	9.391
6267	9.271
6268	9.151
6269	9.101
6270	10.856
6271	12.652
6272	13.893
6273	14.407
6274	14.433
6275	14.148
6276	14.213
6277	14.825
6278	15.042
6279	14.611
6280	13.793
6281	12.945
6282	12.532
6283	12.562
6284	12.845
6285	13.076
6286	12.938
6287	12.72
6288	12.492
6289	12.283
6290	12.201
6291	12.13
6292	12.15
6293	12.205
6294	12.94
6295	13.886
6296	14.78
6297	15.61
6298	16.181
6299	16.509
6300	16.71
6301	16.621
6302	16.335
6303	15.839
6304	15.12
6305	13.66
6306	12.252
6307	11.614
6308	11.209
6309	10.98
6310	10.918
6311	11.06
6312	11.15
6313	11.179
6314	11.244
6315	11.278
6316	11.135
6317	11.046
6318	12.009
6319	13.186
6320	14.695
6321	15.987
6322	16.82
6323	17.392
6324	17.81
6325	18.078
6326	18.104
6327	17.803
6328	16.9
6329	14.96
6330	13.875
6331	13.494
6332	13.342
6333	13.369
6334	13.31
6335	13.142
6336	13.014
6337	13.032
6338	13.09
6339	13.143
6340	13.151
6341	13.171
6342	14.271
6343	15.579
6344	17.329
6345	18.837
6346	19.791
6347	20.284
6348	20.518
6349	20.588
6350	20.404
6351	19.857
6352	18.799
6353	16.72
6354	15.366
6355	14.715
6356	14.215
6357	13.778
6358	13.491
6359	13.22
6360	12.9
6361	12.668
6362	12.5
6363	12.412
6364	12.314
6365	12.218
6366	13.864
6367	15.911
6368	17.257
6369	18.362
6370	19.26
6371	19.856
6372	20.161
6373	20.172
6374	19.934
6375	19.422
6376	18.432
6377	16.26
6378	14.903
6379	14.277
6380	13.874
6381	13.647
6382	13.465
6383	13.309
6384	13.1
6385	12.757
6386	12.17
6387	11.821
6388	11.514
6389	11.272
6390	12.372
6391	14.048
6392	15.941
6393	17.412
6394	18.229
6395	18.854
6396	19.204
6397	19.298
6398	19.121
6399	18.68
6400	17.714
6401	15.738
6402	14.707
6403	14.174
6404	13.725
6405	13.345
6406	13.037
6407	12.745
6408	12.513
6409	12.306
6410	12.092
6411	11.908
6412	11.742
6413	11.588
6414	12.451
6415	13.555
6416	15.146
6417	16.785
6418	17.581
6419	18.044
6420	18.346
6421	18.378
6422	18.161
6423	17.717
6424	16.845
6425	15.294
6426	14.46
6427	13.998
6428	13.7
6429	13.496
6430	13.419
6431	13.363
6432	13.289
6433	13.192
6434	13.092
6435	12.845
6436	12.46
6437	11.921
6438	12.632
6439	13.676
6440	14.531
6441	15.239
6442	15.818
6443	16.274
6444	16.55
6445	16.587
6446	16.356
6447	15.792
6448	14.728
6449	12.259
6450	11.059
6451	10.404
6452	9.79
6453	9.272
6454	8.858
6455	8.447
6456	8.084
6457	7.872
6458	7.782
6459	7.549
6460	7.265
6461	6.818
6462	7.667
6463	9.329
6464	11.689
6465	13.688
6466	14.839
6467	15.716
6468	16.344
6469	16.673
6470	16.663
6471	16.272
6472	14.878
6473	12.183
6474	11.209
6475	10.689
6476	10.148
6477	9.636
6478	9.11
6479	8.538
6480	7.987
6481	7.499
6482	7.025
6483	6.6
6484	6.306
6485	6.094
6486	7.043
6487	8.637
6488	10.83
6489	13.305
6490	14.926
6491	16.027
6492	16.764
6493	17.174
6494	17.221
6495	16.715
6496	15.354
6497	13.219
6498	12.237
6499	11.443
6500	10.724
6501	10.101
6502	9.548
6503	9.048
6504	8.626
6505	8.27
6506	7.976
6507	7.632
6508	7.265
6509	6.941
6510	7.267
6511	8.862
6512	11.301
6513	13.392
6514	14.991
6515	16.193
6516	17.037
6517	17.496
6518	17.543
6519	17.025
6520	15.637
6521	13.486
6522	12.278
6523	11.348
6524	10.533
6525	9.833
6526	9.201
6527	8.597
6528	8.041
6529	7.48
6530	6.929
6531	6.43
6532	6.005
6533	5.637
6534	6.036
6535	7.691
6536	10.071
6537	12.265
6538	13.945
6539	15.086
6540	15.846
6541	16.238
6542	16.232
6543	15.747
6544	14.31
6545	11.901
6546	11.083
6547	10.236
6548	9.371
6549	8.633
6550	8.019
6551	7.476
6552	6.962
6553	6.451
6554	5.945
6555	5.442
6556	5.002
6557	4.661
6558	5.241
6559	6.915
6560	9.265
6561	11.527
6562	13.566
6563	15.101
6564	16.013
6565	16.414
6566	16.398
6567	15.871
6568	14.163
6569	11.832
6570	11.103
6571	10.211
6572	9.36
6573	8.558
6574	7.777
6575	7.112
6576	6.545
6577	6.019
6578	5.502
6579	5.044
6580	4.692
6581	4.417
6582	4.712
6583	6.225
6584	8.777
6585	11.316
6586	13.189
6587	14.382
6588	15.07
6589	15.42
6590	15.48
6591	15.033
6592	13.647
6593	11.678
6594	10.985
6595	10.293
6596	9.687
6597	9.296
6598	8.996
6599	8.624
6600	8.098
6601	7.632
6602	7.236
6603	6.865
6604	6.503
6605	6.169
6606	6.271
6607	7.42
6608	9.497
6609	11.646
6610	13.676
6611	15.464
6612	16.825
6613	17.699
6614	17.975
6615	17.469
6616	16.153
6617	14.629
6618	13.805
6619	13.13
6620	12.629
6621	12.308
6622	12.101
6623	11.947
6624	11.872
6625	11.833
6626	11.861
6627	11.821
6628	11.975
6629	12.144
6630	12.271
6631	12.691
6632	13.988
6633	16.007
6634	17.955
6635	19.363
6636	20.187
6637	20.563
6638	20.511
6639	19.859
6640	18.384
6641	16.495
6642	15.801
6643	15.324
6644	14.722
6645	14.167
6646	13.85
6647	13.701
6648	13.581
6649	13.406
6650	13.235
6651	12.982
6652	12.726
6653	12.596
6654	12.936
6655	14.548
6656	15.602
6657	16.593
6658	17.426
6659	18.005
6660	18.283
6661	18.227
6662	17.851
6663	17.22
6664	16.06
6665	14.226
6666	13.472
6667	12.864
6668	12.348
6669	11.92
6670	11.589
6671	11.313
6672	11.027
6673	10.776
6674	10.568
6675	10.448
6676	10.413
6677	10.506
6678	10.984
6679	12.816
6680	14.597
6681	15.965
6682	16.811
6683	17.393
6684	17.723
6685	17.816
6686	17.629
6687	17.072
6688	15.48
6689	14.003
6690	13.724
6691	13.554
6692	12.953
6693	12.14
6694	11.392
6695	10.844
6696	10.433
6697	10.149
6698	9.865
6699	9.521
6700	9.036
6701	8.656
6702	8.868
6703	11.247
6704	13.008
6705	15.489
6706	16.861
6707	17.603
6708	18.034
6709	18.212
6710	18.112
6711	17.631
6712	16.327
6713	15.107
6714	14.307
6715	13.68
6716	12.89
6717	12.038
6718	11.37
6719	10.795
6720	10.352
6721	9.96
6722	9.705
6723	9.57
6724	9.479
6725	9.423
6726	9.976
6727	12.583
6728	14.267
6729	16.165
6730	17.27
6731	17.925
6732	18.265
6733	18.264
6734	17.991
6735	17.405
6736	15.986
6737	14.331
6738	13.883
6739	13.585
6740	13.324
6741	13.117
6742	13.185
6743	13.525
6744	13.804
6745	13.793
6746	13.745
6747	13.608
6748	13.5
6749	13.328
6750	13.329
6751	13.712
6752	14.123
6753	14.529
6754	14.878
6755	14.938
6756	15.027
6757	15.156
6758	14.977
6759	14.428
6760	13.542
6761	12.599
6762	12.243
6763	11.802
6764	11.323
6765	10.657
6766	9.646
6767	8.767
6768	8.24
6769	8.022
6770	8.098
6771	8.205
6772	8.212
6773	8.064
6774	8.066
6775	9.071
6776	9.848
6777	10.484
6778	10.933
6779	11.177
6780	11.257
6781	11.144
6782	10.953
6783	10.642
6784	9.979
6785	9.465
6786	9.298
6787	8.999
6788	8.74
6789	8.398
6790	8.126
6791	7.96
6792	7.643
6793	7.175
6794	6.845
6795	6.541
6796	6.451
6797	6.628
6798	7.07
6799	7.984
6800	8.802
6801	9.583
6802	10.25
6803	10.637
6804	10.751
6805	10.747
6806	10.6
6807	10.43
6808	10.225
6809	10.078
6810	9.993
6811	9.917
6812	9.738
6813	9.481
6814	8.992
6815	8.232
6816	7.433
6817	6.81
6818	6.435
6819	6.202
6820	5.997
6821	5.835
6822	5.819
6823	6.485
6824	7.307
6825	8.188
6826	9.027
6827	9.693
6828	10.22
6829	10.916
6830	11.366
6831	11.082
6832	9.982
6833	9.354
6834	9.125
6835	8.833
6836	8.463
6837	8.012
6838	7.827
6839	7.856
6840	7.824
6841	7.781
6842	7.74
6843	7.688
6844	7.683
6845	7.696
6846	7.653
6847	7.79
6848	8.184
6849	8.584
6850	8.774
6851	8.949
6852	9.163
6853	9.207
6854	9.02
6855	8.644
6856	8.239
6857	8.017
6858	8.001
6859	8.107
6860	8.198
6861	8.217
6862	8.156
6863	8.078
6864	7.963
6865	7.927
6866	7.903
6867	7.915
6868	7.889
6869	7.872
6870	7.817
6871	8.137
6872	8.985
6873	10.144
6874	11.163
6875	11.92
6876	12.332
6877	12.374
6878	12.191
6879	11.852
6880	11.245
6881	10.85
6882	10.656
6883	10.409
6884	10.234
6885	10.064
6886	9.866
6887	9.654
6888	9.333
6889	9.149
6890	9.076
6891	9.008
6892	8.891
6893	8.84
6894	8.877
6895	9.333
6896	10.005
6897	10.727
6898	11.334
6899	11.682
6900	11.802
6901	11.696
6902	11.451
6903	11.08
6904	10.258
6905	9.522
6906	9.236
6907	8.898
6908	8.474
6909	8.033
6910	7.692
6911	7.418
6912	7.316
6913	7.459
6914	7.764
6915	7.954
6916	8.091
6917	8.199
6918	8.248
6919	9.057
6920	10.073
6921	11.062
6922	12.246
6923	12.971
6924	13.064
6925	12.754
6926	12.272
6927	11.596
6928	10.721
6929	10.148
6930	10.148
6931	10.224
6932	10.348
6933	10.501
6934	10.713
6935	10.762
6936	10.757
6937	10.879
6938	11.051
6939	11.119
6940	11.271
6941	11.551
6942	11.786
6943	12.348
6944	13.223
6945	14.135
6946	14.842
6947	15.197
6948	15.246
6949	15.1
6950	14.724
6951	14.061
6952	12.825
6953	11.219
6954	10.344
6955	9.756
6956	9.434
6957	9.2
6958	8.974
6959	8.781
6960	8.629
6961	8.544
6962	8.507
6963	8.588
6964	8.781
6965	8.865
6966	9.024
6967	10.051
6968	11.6
6969	13.099
6970	14.172
6971	14.772
6972	15.136
6973	15.226
6974	15.004
6975	14.3
6976	12.61
6977	11.795
6978	11.578
6979	11.11
6980	10.605
6981	10.179
6982	9.766
6983	9.428
6984	9.13
6985	8.884
6986	8.689
6987	8.563
6988	8.485
6989	8.428
6990	8.451
6991	8.951
6992	10.013
6993	11.446
6994	12.873
6995	14.238
6996	15.293
6997	15.854
6998	15.853
6999	15.118
7000	14.316
7001	14.432
7002	14.708
7003	14.829
7004	14.911
7005	14.668
7006	14.109
7007	13.25
7008	12.482
7009	12.37
7010	12.394
7011	12.372
7012	12.2
7013	12.002
7014	11.896
7015	12.497
7016	13.331
7017	14.227
7018	15.261
7019	15.718
7020	15.62
7021	15.583
7022	15.497
7023	15.062
7024	14.247
7025	13.919
7026	13.928
7027	13.966
7028	13.861
7029	13.43
7030	12.944
7031	12.534
7032	12.13
7033	11.844
7034	11.709
7035	11.623
7036	11.59
7037	11.56
7038	11.497
7039	11.937
7040	12.892
7041	14.212
7042	15.363
7043	16.092
7044	16.539
7045	16.887
7046	17.027
7047	16.61
7048	15.323
7049	14.605
7050	14.182
7051	13.799
7052	13.563
7053	13.413
7054	13.305
7055	13.227
7056	13.155
7057	13.059
7058	12.984
7059	12.934
7060	12.881
7061	12.869
7062	12.911
7063	13.616
7064	14.911
7065	16.729
7066	18.63
7067	19.739
7068	20.313
7069	20.52
7070	20.313
7071	19.521
7072	18.436
7073	17.879
7074	17.274
7075	16.802
7076	16.532
7077	16.243
7078	15.751
7079	15.283
7080	14.938
7081	14.632
7082	14.394
7083	14.329
7084	14.301
7085	14.286
7086	14.344
7087	14.657
7088	15.489
7089	16.431
7090	17.237
7091	17.717
7092	17.826
7093	17.635
7094	17.175
7095	16.426
7096	15.421
7097	14.627
7098	14.012
7099	13.449
7100	12.953
7101	12.474
7102	11.951
7103	11.355
7104	10.73
7105	10.229
7106	9.841
7107	9.476
7108	9.132
7109	8.836
7110	8.596
7111	9.959
7112	11.716
7113	13.348
7114	14.564
7115	15.276
7116	15.68
7117	15.815
7118	15.639
7119	14.704
7120	12.846
7121	11.884
7122	11.164
7123	10.605
7124	10.225
7125	10.138
7126	10.266
7127	10.28
7128	10.209
7129	10.093
7130	10.096
7131	10.18
7132	10.28
7133	10.413
7134	10.695
7135	11.383
7136	12.22
7137	12.997
7138	13.954
7139	15.346
7140	16.674
7141	17.643
7142	17.939
7143	17.429
7144	16.442
7145	16.019
7146	15.681
7147	15.3
7148	14.881
7149	14.295
7150	13.779
7151	13.433
7152	13.303
7153	13.155
7154	13.129
7155	13.186
7156	13.24
7157	13.152
7158	13.059
7159	13.511
7160	14.459
7161	15.618
7162	16.797
7163	17.717
7164	18.141
7165	18.21
7166	17.945
7167	17.274
7168	16.118
7169	15.245
7170	14.704
7171	14.291
7172	14.177
7173	14.163
7174	14.291
7175	14.249
7176	14.014
7177	13.591
7178	13.138
7179	12.767
7180	12.733
7181	12.898
7182	13.058
7183	13.466
7184	13.97
7185	14.374
7186	14.711
7187	15.053
7188	15.255
7189	15.302
7190	15.021
7191	14.472
7192	13.73
7193	13.408
7194	13.248
7195	13.22
7196	13.24
7197	13.069
7198	12.803
7199	12.574
7200	12.386
7201	12.414
7202	12.656
7203	13.117
7204	13.822
7205	14.142
7206	14.178
7207	14.483
7208	15.022
7209	15.463
7210	15.119
7211	14.455
7212	14.239
7213	14.389
7214	14.467
7215	14.17
7216	13.499
7217	12.895
7218	12.359
7219	11.907
7220	11.536
7221	11.161
7222	10.859
7223	10.545
7224	10.186
7225	9.84
7226	9.579
7227	9.411
7228	9.308
7229	9.282
7230	9.322
7231	9.571
7232	10.16
7233	10.886
7234	11.649
7235	12.27
7236	12.518
7237	12.465
7238	12.111
7239	11.432
7240	10.717
7241	10.301
7242	9.904
7243	9.424
7244	9.007
7245	8.692
7246	8.51
7247	8.325
7248	8.139
7249	8.033
7250	8.016
7251	8.009
7252	7.943
7253	7.89
7254	7.869
7255	8.239
7256	9.23
7257	10.508
7258	11.679
7259	12.313
7260	12.599
7261	12.606
7262	12.331
7263	11.285
7264	8.97
7265	8.191
7266	7.898
7267	7.687
7268	7.515
7269	7.272
7270	6.944
7271	6.696
7272	6.611
7273	6.412
7274	6.243
7275	6.159
7276	6.232
7277	6.112
7278	5.963
7279	6.258
7280	7.27
7281	8.737
7282	10.214
7283	11.529
7284	12.395
7285	12.666
7286	12.344
7287	11.726
7288	11.161
7289	10.804
7290	10.625
7291	10.502
7292	10.462
7293	10.394
7294	10.323
7295	10.218
7296	10.025
7297	9.898
7298	9.838
7299	9.762
7300	9.71
7301	9.631
7302	9.584
7303	9.678
7304	10.077
7305	10.596
7306	11.093
7307	11.687
7308	12.438
7309	12.861
7310	12.705
7311	12.053
7312	11.154
7313	10.728
7314	10.243
7315	9.691
7316	9.222
7317	8.925
7318	8.721
7319	8.534
7320	8.368
7321	8.216
7322	8.215
7323	8.235
7324	8.3
7325	8.295
7326	8.069
7327	8.315
7328	9.232
7329	10.033
7330	10.831
7331	11.333
7332	11.639
7333	11.862
7334	11.998
7335	11.795
7336	11.188
7337	11.164
7338	11.068
7339	10.965
7340	10.954
7341	10.953
7342	10.857
7343	10.694
7344	10.416
7345	10.167
7346	9.976
7347	9.723
7348	9.45
7349	9.166
7350	8.81
7351	8.622
7352	9.13
7353	9.932
7354	10.561
7355	10.859
7356	10.846
7357	10.524
7358	10.157
7359	9.691
7360	9.14
7361	8.913
7362	8.743
7363	8.575
7364	8.373
7365	8.081
7366	7.848
7367	7.596
7368	7.316
7369	7.19
7370	7.168
7371	7.366
7372	7.935
7373	8.829
7374	9.619
7375	10.149
7376	10.352
7377	9.921
7378	9.373
7379	8.996
7380	8.985
7381	9.085
7382	8.951
7383	8.164
7384	6.891
7385	6.996
7386	7.373
7387	7.707
7388	7.932
7389	7.827
7390	7.559
7391	7.437
7392	7.381
7393	7.308
7394	7.012
7395	6.698
7396	6.393
7397	5.976
7398	5.579
7399	5.462
7400	5.741
7401	6.348
7402	6.96
7403	7.172
7404	6.965
7405	6.528
7406	6.192
7407	6.179
7408	6.663
7409	7.528
7410	8.154
7411	8.388
7412	8.44
7413	8.457
7414	8.416
7415	8.312
7416	8.217
7417	8.131
7418	8.057
7419	7.865
7420	7.737
7421	7.749
7422	7.899
7423	8.196
7424	8.949
7425	9.89
7426	10.789
7427	11.416
7428	11.695
7429	11.65
7430	11.361
7431	10.429
7432	9.578
7433	9.702
7434	10.178
7435	10.817
7436	11.388
7437	12.043
7438	12.373
7439	12.541
7440	12.733
7441	12.958
7442	13.115
7443	13.192
7444	12.997
7445	12.516
7446	11.873
7447	11.346
7448	11.287
7449	11.359
7450	11.443
7451	11.538
7452	11.46
7453	11.188
7454	10.81
7455	10.051
7456	9.311
7457	9.035
7458	8.776
7459	8.58
7460	8.459
7461	8.344
7462	8.221
7463	8.049
7464	7.855
7465	7.671
7466	7.497
7467	7.28
7468	7.061
7469	6.672
7470	6.331
7471	6.548
7472	7.977
7473	8.947
7474	9.577
7475	9.877
7476	10.062
7477	10.192
7478	9.704
7479	8.77
7480	8.065
7481	7.947
7482	7.893
7483	7.835
7484	7.852
7485	8.002
7486	8.249
7487	8.399
7488	8.419
7489	8.325
7490	8.196
7491	8.139
7492	8.054
7493	7.904
7494	7.629
7495	7.334
7496	7.702
7497	8.529
7498	9.416
7499	9.938
7500	10.069
7501	9.877
7502	9.333
7503	8.461
7504	7.726
7505	7.252
7506	6.867
7507	6.734
7508	6.739
7509	6.659
7510	6.287
7511	5.553
7512	4.899
7513	4.519
7514	4.541
7515	4.972
7516	5.319
7517	5.371
7518	5.405
7519	5.431
7520	5.968
7521	6.619
7522	7.247
7523	7.706
7524	8.09
7525	8.397
7526	8.401
7527	7.723
7528	6.734
7529	6.477
7530	6.156
7531	5.781
7532	5.397
7533	5.054
7534	4.771
7535	4.544
7536	4.417
7537	4.53
7538	4.63
7539	4.573
7540	4.349
7541	4.12
7542	4.23
7543	4.636
7544	5.465
7545	6.083
7546	6.851
7547	7.551
7548	8.014
7549	8.347
7550	8.413
7551	7.611
7552	6.777
7553	6.64
7554	6.417
7555	6.212
7556	6.056
7557	5.963
7558	5.941
7559	5.964
7560	5.976
7561	5.964
7562	5.935
7563	5.893
7564	5.781
7565	5.692
7566	5.63
7567	5.66
7568	5.912
7569	6.363
7570	6.979
7571	7.686
7572	8.278
7573	8.637
7574	8.738
7575	8.256
7576	7.588
7577	7.456
7578	7.432
7579	7.496
7580	7.559
7581	7.378
7582	6.63
7583	5.898
7584	5.393
7585	4.991
7586	4.695
7587	4.504
7588	4.456
7589	4.525
7590	4.602
7591	4.815
7592	6.334
7593	8.285
7594	9.404
7595	10.391
7596	10.849
7597	10.806
7598	10.029
7599	7.992
7600	6.678
7601	6.208
7602	5.767
7603	5.43
7604	5.249
7605	5.15
7606	5.067
7607	4.874
7608	4.555
7609	4.317
7610	4.206
7611	4.114
7612	4.02
7613	3.799
7614	3.77
7615	3.975
7616	4.444
7617	5.257
7618	6.067
7619	6.736
7620	7.268
7621	7.594
7622	7.542
7623	6.999
7624	6.727
7625	6.883
7626	7.018
7627	7.104
7628	7.099
7629	6.888
7630	6.757
7631	6.632
7632	6.561
7633	6.572
7634	6.627
7635	6.576
7636	6.409
7637	6.332
7638	6.171
7639	6.078
7640	7.076
7641	8.015
7642	8.935
7643	9.732
7644	10.18
7645	10.299
7646	9.935
7647	8.27
7648	6.871
7649	6.433
7650	6.195
7651	6.196
7652	6.306
7653	6.309
7654	6.118
7655	5.916
7656	5.674
7657	5.458
7658	5.332
7659	5.223
7660	5.151
7661	5.07
7662	5.005
7663	4.978
7664	5.305
7665	5.789
7666	6.249
7667	6.699
7668	7.116
7669	7.383
7670	7.335
7671	6.532
7672	5.742
7673	5.71
7674	5.781
7675	5.903
7676	5.903
7677	5.859
7678	5.869
7679	5.894
7680	5.943
7681	5.965
7682	5.923
7683	5.881
7684	5.839
7685	5.848
7686	5.9
7687	6.062
7688	6.376
7689	6.671
7690	7.039
7691	7.394
7692	7.614
7693	7.632
7694	7.49
7695	7.102
7696	6.767
7697	6.633
7698	6.504
7699	6.337
7700	6.114
7701	5.954
7702	5.697
7703	5.453
7704	5.223
7705	4.991
7706	4.757
7707	4.505
7708	4.231
7709	3.993
7710	3.796
7711	3.671
7712	3.969
7713	4.447
7714	5.106
7715	5.827
7716	6.336
7717	6.56
7718	6.425
7719	5.631
7720	5.07
7721	4.923
7722	4.666
7723	4.507
7724	4.399
7725	4.388
7726	4.376
7727	4.393
7728	4.379
7729	4.345
7730	4.355
7731	4.474
7732	4.65
7733	4.902
7734	5.107
7735	5.226
7736	5.853
7737	6.6
7738	7.184
7739	7.63
7740	7.863
7741	7.772
7742	7.343
7743	6.519
7744	5.935
7745	5.701
7746	5.408
7747	4.992
7748	4.559
7749	4.171
7750	3.778
7751	3.37
7752	2.923
7753	2.538
7754	2.185
7755	1.905
7756	1.785
7757	1.71
7758	1.565
7759	1.344
7760	2.732
7761	4.337
7762	5.104
7763	5.429
7764	5.3
7765	4.846
7766	4.229
7767	3.493
7768	2.833
7769	2.434
7770	2.139
7771	1.904
7772	1.773
7773	1.753
7774	1.703
7775	1.6
7776	1.504
7777	1.401
7778	1.346
7779	1.275
7780	1.142
7781	1.05
7782	0.942
7783	0.872
7784	1.348
7785	2.111
7786	3.076
7787	4.104
7788	4.893
7789	5.224
7790	4.87
7791	3.233
7792	2.224
7793	1.779
7794	1.286
7795	0.989
7796	0.924
7797	0.876
7798	0.966
7799	0.991
7800	1.111
7801	1.257
7802	1.499
7803	1.778
7804	2.081
7805	2.381
7806	2.646
7807	2.864
7808	3.374
7809	4.018
7810	4.727
7811	5.382
7812	5.806
7813	5.89
7814	5.62
7815	4.892
7816	4.314
7817	3.97
7818	3.797
7819	3.688
7820	3.58
7821	3.483
7822	3.397
7823	3.358
7824	3.341
7825	3.273
7826	3.187
7827	3.103
7828	3.005
7829	2.916
7830	2.929
7831	2.9
7832	3.703
7833	4.755
7834	5.726
7835	6.544
7836	6.983
7837	7.01
7838	6.287
7839	4.497
7840	3.571
7841	3.236
7842	2.945
7843	2.694
7844	2.518
7845	2.535
7846	2.622
7847	2.849
7848	3.107
7849	3.436
7850	3.763
7851	3.998
7852	4.204
7853	4.424
7854	4.6
7855	5.122
7856	6.181
7857	7.028
7858	7.658
7859	8.13
7860	8.264
7861	8.032
7862	7.382
7863	6.108
7864	5.281
7865	4.919
7866	4.554
7867	4.282
7868	4.156
7869	3.841
7870	3.651
7871	3.445
7872	3.158
7873	3.005
7874	3.039
7875	3.168
7876	3.098
7877	3.174
7878	3.331
7879	3.6
7880	4.629
7881	5.771
7882	6.646
7883	7.238
7884	7.471
7885	7.378
7886	6.879
7887	5.792
7888	5.04
7889	4.505
7890	3.779
7891	3.127
7892	2.579
7893	2.276
7894	2.25
7895	2.372
7896	2.537
7897	2.534
7898	2.406
7899	2.395
7900	2.48
7901	2.627
7902	2.693
7903	2.817
7904	3.8
7905	5.378
7906	6.319
7907	7.076
7908	7.543
7909	7.551
7910	6.684
7911	5.32
7912	4.819
7913	4.681
7914	4.451
7915	4.24
7916	4.156
7917	4.224
7918	4.285
7919	4.267
7920	3.964
7921	3.745
7922	3.753
7923	3.841
7924	3.835
7925	3.846
7926	3.889
7927	3.956
7928	4.455
7929	5.284
7930	5.868
7931	6.286
7932	6.54
7933	6.666
7934	6.634
7935	6.517
7936	6.638
7937	6.824
7938	6.905
7939	6.956
7940	6.984
7941	7.012
7942	7.054
7943	7.17
7944	7.255
7945	7.292
7946	7.377
7947	7.405
7948	7.511
7949	7.497
7950	7.432
7951	7.409
7952	7.848
7953	8.504
7954	9.079
7955	9.543
7956	9.807
7957	9.758
7958	8.985
7959	7.233
7960	6.386
7961	6.091
7962	5.773
7963	5.514
7964	5.593
7965	5.551
7966	5.54
7967	5.569
7968	5.536
7969	5.33
7970	5.202
7971	5.298
7972	5.687
7973	5.884
7974	5.897
7975	5.967
7976	6.274
7977	6.612
7978	6.996
7979	7.552
7980	8.041
7981	8.168
7982	8.087
7983	7.496
7984	6.655
7985	6.083
7986	5.744
7987	5.548
7988	5.561
7989	5.686
7990	5.772
7991	5.699
7992	5.647
7993	5.69
7994	5.674
7995	5.617
7996	5.642
7997	5.725
7998	5.662
7999	5.494
8000	6.163
8001	7.139
8002	7.951
8003	8.573
8004	8.915
8005	8.859
8006	8.094
8007	6.748
8008	6.173
8009	5.597
8010	5.199
8011	4.964
8012	4.808
8013	4.565
8014	4.275
8015	4.117
8016	4.12
8017	4.222
8018	4.11
8019	3.907
8020	3.836
8021	3.87
8022	3.86
8023	3.785
8024	4.761
8025	6.671
8026	7.759
8027	8.475
8028	8.814
8029	8.74
8030	8.117
8031	7.194
8032	6.874
8033	6.74
8034	6.573
8035	6.453
8036	6.152
8037	5.77
8038	5.135
8039	4.501
8040	4.045
8041	3.753
8042	3.562
8043	3.517
8044	3.521
8045	3.585
8046	3.695
8047	3.793
8048	4.165
8049	5.082
8050	6.001
8051	6.993
8052	7.593
8053	7.616
8054	6.437
8055	4.329
8056	3.38
8057	2.875
8058	2.415
8059	1.996
8060	1.633
8061	1.291
8062	0.883
8063	0.511
8064	0.295
8065	0.258
8066	0.389
8067	0.755
8068	1.001
8069	0.926
8070	0.721
8071	0.521
8072	0.685
8073	1.322
8074	2.393
8075	3.684
8076	4.617
8077	5.066
8078	4.292
8079	3.042
8080	2.346
8081	1.73
8082	1.227
8083	0.972
8084	1.071
8085	1.529
8086	2.06
8087	2.179
8088	2.231
8089	2.433
8090	2.723
8091	3.052
8092	3.387
8093	3.666
8094	4.065
8095	4.507
8096	5.128
8097	5.879
8098	6.6
8099	7.067
8100	7.316
8101	7.394
8102	7.116
8103	6.16
8104	4.952
8105	4.066
8106	3.569
8107	3.314
8108	3.159
8109	3.033
8110	2.935
8111	2.88
8112	2.973
8113	3.08
8114	3.14
8115	3.142
8116	3.18
8117	3.149
8118	3.039
8119	2.906
8120	3.097
8121	3.445
8122	3.949
8123	4.604
8124	5.43
8125	6.279
8126	7.284
8127	7.736
8128	7.261
8129	6.457
8130	5.687
8131	5.123
8132	4.625
8133	4.259
8134	4.077
8135	3.971
8136	3.829
8137	3.638
8138	3.546
8139	3.476
8140	3.359
8141	3.254
8142	3.17
8143	3.11
8144	3.333
8145	4.034
8146	4.727
8147	5.043
8148	5.03
8149	4.804
8150	4.393
8151	3.975
8152	3.839
8153	3.81
8154	3.852
8155	3.809
8156	3.721
8157	3.68
8158	3.454
8159	3.168
8160	3.017
8161	2.936
8162	2.861
8163	2.747
8164	2.614
8165	2.5
8166	2.49
8167	2.567
8168	3.192
8169	4.276
8170	5.16
8171	5.979
8172	6.594
8173	6.859
8174	6.651
8175	6.112
8176	5.83
8177	5.807
8178	5.772
8179	5.756
8180	5.63
8181	5.542
8182	5.457
8183	5.568
8184	5.654
8185	5.663
8186	5.567
8187	5.532
8188	5.44
8189	5.332
8190	5.346
8191	5.509
8192	5.729
8193	6.101
8194	6.581
8195	7.11
8196	7.644
8197	7.985
8198	8.079
8199	7.973
8200	7.887
8201	7.871
8202	7.888
8203	7.905
8204	7.867
8205	7.764
8206	7.656
8207	7.607
8208	7.588
8209	7.59
8210	7.588
8211	7.606
8212	7.618
8213	7.559
8214	7.435
8215	7.293
8216	7.301
8217	7.721
8218	8.343
8219	9.023
8220	9.482
8221	9.523
8222	8.968
8223	7.667
8224	7.19
8225	7.029
8226	6.858
8227	6.692
8228	6.441
8229	6.209
8230	5.98
8231	5.654
8232	5.338
8233	5.0
8234	4.657
8235	4.224
8236	3.784
8237	3.334
8238	2.795
8239	2.422
8240	2.577
8241	3.311
8242	4.287
8243	5.537
8244	6.396
8245	6.575
8246	5.414
8247	3.584
8248	2.756
8249	2.222
8250	1.765
8251	1.363
8252	0.968
8253	0.684
8254	0.612
8255	0.839
8256	0.998
8257	1.024
8258	0.887
8259	0.616
8260	0.381
8261	0.146
8262	-0.016
8263	-0.207
8264	0.095
8265	1.047
8266	2.294
8267	3.803
8268	4.997
8269	5.46
8270	4.107
8271	2.082
8272	1.226
8273	0.827
8274	0.764
8275	1.452
8276	2.079
8277	2.117
8278	1.919
8279	1.76
8280	1.55
8281	1.311
8282	1.217
8283	1.176
8284	1.09
8285	0.914
8286	0.698
8287	0.321
8288	0.44
8289	0.987
8290	1.968
8291	3.069
8292	3.902
8293	4.204
8294	3.288
8295	1.879
8296	1.682
8297	1.579
8298	1.164
8299	0.742
8300	0.768
8301	0.784
8302	0.738
8303	0.756
8304	0.796
8305	0.795
8306	0.765
8307	0.708
8308	0.627
8309	0.534
8310	0.408
8311	0.264
8312	0.292
8313	0.68
8314	1.514
8315	2.452
8316	3.321
8317	3.824
8318	3.041
8319	1.498
8320	1.397
8321	1.56
8322	1.706
8323	1.913
8324	2.007
8325	1.987
8326	1.982
8327	2.079
8328	2.324
8329	2.701
8330	3.186
8331	3.672
8332	4.03
8333	4.241
8334	4.288
8335	4.188
8336	4.485
8337	5.453
8338	6.217
8339	6.8
8340	7.139
8341	7.051
8342	5.975
8343	4.492
8344	4.564
8345	4.5
8346	4.416
8347	4.446
8348	4.503
8349	4.513
8350	4.589
8351	4.722
8352	4.781
8353	4.864
8354	4.922
8355	5.034
8356	5.304
8357	5.697
8358	6.024
8359	6.083
8360	6.063
8361	6.357
8362	6.866
8363	7.39
8364	7.687
8365	7.638
8366	7.274
8367	6.884
8368	6.621
8369	6.297
8370	6.029
8371	5.598
8372	4.981
8373	4.58
8374	4.415
8375	4.37
8376	4.325
8377	4.144
8378	4.014
8379	4.069
8380	4.14
8381	4.133
8382	4.151
8383	4.121
8384	4.459
8385	5.438
8386	6.669
8387	7.802
8388	8.639
8389	8.922
8390	8.525
8391	7.732
8392	7.233
8393	6.855
8394	6.754
8395	6.894
8396	6.725
8397	6.524
8398	6.403
8399	6.235
8400	5.987
8401	5.646
8402	5.441
8403	5.12
8404	4.713
8405	4.44
8406	4.313
8407	4.229
8408	4.381
8409	4.733
8410	5.182
8411	5.582
8412	5.85
8413	5.911
8414	5.544
8415	5.05
8416	4.865
8417	4.788
8418	4.673
8419	4.557
8420	4.453
8421	4.436
8422	4.429
8423	4.416
8424	4.448
8425	4.553
8426	4.71
8427	5.034
8428	5.531
8429	6.062
8430	6.324
8431	6.47
8432	6.775
8433	7.104
8434	7.385
8435	7.609
8436	7.764
8437	7.734
8438	7.131
8439	5.649
8440	5.04
8441	4.81
8442	5.055
8443	5.602
8444	6.145
8445	6.431
8446	6.551
8447	6.657
8448	6.931
8449	7.25
8450	7.454
8451	7.503
8452	7.481
8453	7.518
8454	7.459
8455	7.212
8456	7.056
8457	7.275
8458	7.655
8459	7.972
8460	8.089
8461	7.911
8462	6.915
8463	4.953
8464	4.227
8465	3.895
8466	3.751
8467	3.669
8468	3.713
8469	3.725
8470	3.693
8471	3.692
8472	3.567
8473	3.555
8474	3.469
8475	3.441
8476	3.592
8477	3.795
8478	3.942
8479	3.738
8480	3.918
8481	4.742
8482	5.57
8483	6.389
8484	6.984
8485	7.144
8486	6.608
8487	5.364
8488	4.787
8489	4.556
8490	4.449
8491	4.354
8492	4.387
8493	4.439
8494	4.43
8495	4.491
8496	4.638
8497	4.77
8498	4.821
8499	4.844
8500	4.924
8501	5.051
8502	5.172
8503	5.197
8504	5.202
8505	5.318
8506	5.695
8507	6.249
8508	6.568
8509	6.571
8510	6.491
8511	6.336
8512	6.144
8513	5.911
8514	5.7
8515	5.47
8516	5.267
8517	5.264
8518	5.421
8519	5.546
8520	5.688
8521	6.006
8522	6.283
8523	6.261
8524	5.983
8525	5.685
8526	5.485
8527	5.485
8528	5.794
8529	6.485
8530	7.229
8531	7.89
8532	8.352
8533	8.531
8534	8.481
8535	8.281
8536	8.008
8537	7.738
8538	7.49
8539	7.274
8540	7.071
8541	6.886
8542	6.648
8543	6.289
8544	5.816
8545	5.273
8546	4.768
8547	4.492
8548	4.403
8549	4.356
8550	4.408
8551	4.556
8552	4.677
8553	4.819
8554	5.107
8555	5.793
8556	6.692
8557	7.528
8558	8.091
8559	8.433
8560	8.72
8561	9.008
8562	9.306
8563	9.543
8564	9.67
8565	9.744
8566	9.767
8567	9.762
8568	9.746
8569	9.746
8570	9.921
8571	9.984
8572	9.95
8573	9.923
8574	9.94
8575	9.986
8576	9.994
8577	10.042
8578	10.222
8579	10.48
8580	10.527
8581	10.355
8582	10.015
8583	9.597
8584	9.168
8585	8.785
8586	8.461
8587	8.167
8588	7.88
8589	7.602
8590	7.404
8591	7.321
8592	7.347
8593	7.411
8594	7.419
8595	7.285
8596	6.969
8597	6.54
8598	6.16
8599	5.866
8600	5.664
8601	5.726
8602	6.02
8603	6.42
8604	6.783
8605	6.86
8606	6.277
8607	4.699
8608	4.061
8609	3.814
8610	3.716
8611	3.516
8612	3.304
8613	3.218
8614	3.372
8615	3.643
8616	3.598
8617	3.381
8618	3.261
8619	3.342
8620	3.463
8621	3.554
8622	3.65
8623	3.722
8624	4.053
8625	4.606
8626	4.954
8627	5.322
8628	5.621
8629	5.801
8630	5.665
8631	5.223
8632	5.151
8633	5.085
8634	4.805
8635	4.5
8636	3.961
8637	3.498
8638	3.148
8639	3.047
8640	3.122
8641	2.998
8642	2.988
8643	3.056
8644	3.271
8645	3.6
8646	4.21
8647	5.12
8648	5.87
8649	6.526
8650	7.206
8651	7.833
8652	8.196
8653	8.356
8654	8.394
8655	8.378
8656	8.333
8657	8.303
8658	8.226
8659	8.145
8660	8.011
8661	7.805
8662	7.547
8663	7.356
8664	7.093
8665	6.784
8666	6.434
8667	6.058
8668	5.731
8669	5.311
8670	5.06
8671	4.904
8672	5.045
8673	5.473
8674	5.931
8675	6.463
8676	6.975
8677	7.192
8678	6.659
8679	5.737
8680	5.76
8681	5.626
8682	5.327
8683	5.219
8684	5.143
8685	5.061
8686	4.918
8687	4.786
8688	4.67
8689	4.556
8690	4.487
8691	4.464
8692	4.474
8693	4.481
8694	4.373
8695	4.078
8696	4.304
8697	5.247
8698	6.027
8699	6.669
8700	7.023
8701	6.968
8702	6.379
8703	4.948
8704	4.227
8705	4.065
8706	3.864
8707	3.73
8708	3.73
8709	3.427
8710	3.071
8711	3.025
8712	2.906
8713	2.731
8714	2.662
8715	2.626
8716	2.536
8717	2.522
8718	2.581
8719	2.595
8720	2.687
8721	3.106
8722	3.965
8723	4.908
8724	5.527
8725	5.719
8726	5.626
8727	5.403
8728	5.271
8729	5.287
8730	5.384
8731	5.496
8732	5.472
8733	5.329
8734	5.06
8735	4.696
8736	4.205
8737	3.78
8738	3.419
8739	3.323
8740	3.225
8741	3.298
8742	3.521
8743	3.657
8744	3.919
8745	4.489
8746	5.288
8747	5.991
8748	6.402
8749	6.456
8750	6.238
8751	5.843
8752	5.571
8753	5.451
8754	5.333
8755	5.256
8756	5.179
8757	5.119
8758	4.916
8759	4.603
