#1
double solarGeneration(8784,2)
0	0.0
1	0.0
2	0.0
3	0.0
4	0.0
5	0.0
6	0.0
7	0.0
8	29.0
9	132.0
10	233.0
11	284.0
12	281.0
13	215.0
14	123.0
15	46.0
16	9.0
17	0.0
18	0.0
19	0.0
20	0.0
21	0.0
22	0.0
23	0.0
24	0.0
25	0.0
26	0.0
27	0.0
28	0.0
29	0.0
30	0.0
31	0.0
32	3.0
33	13.0
34	28.0
35	43.0
36	50.0
37	49.0
38	40.0
39	21.0
40	6.0
41	0.0
42	0.0
43	0.0
44	0.0
45	0.0
46	0.0
47	0.0
48	0.0
49	0.0
50	0.0
51	0.0
52	0.0
53	0.0
54	0.0
55	0.0
56	8.0
57	39.0
58	88.0
59	129.0
60	152.0
61	149.0
62	109.0
63	46.0
64	8.0
65	0.0
66	0.0
67	0.0
68	0.0
69	0.0
70	0.0
71	0.0
72	0.0
73	0.0
74	0.0
75	0.0
76	0.0
77	0.0
78	0.0
79	0.0
80	6.0
81	25.0
82	45.0
83	56.0
84	55.0
85	43.0
86	26.0
87	10.0
88	3.0
89	0.0
90	0.0
91	0.0
92	0.0
93	0.0
94	0.0
95	0.0
96	0.0
97	0.0
98	0.0
99	0.0
100	0.0
101	0.0
102	0.0
103	0.0
104	11.0
105	45.0
106	66.0
107	69.0
108	66.0
109	54.0
110	33.0
111	13.0
112	3.0
113	0.0
114	0.0
115	0.0
116	0.0
117	0.0
118	0.0
119	0.0
120	0.0
121	0.0
122	0.0
123	0.0
124	0.0
125	0.0
126	0.0
127	0.0
128	6.0
129	28.0
130	48.0
131	63.0
132	70.0
133	66.0
134	49.0
135	22.0
136	6.0
137	0.0
138	0.0
139	0.0
140	0.0
141	0.0
142	0.0
143	0.0
144	0.0
145	0.0
146	0.0
147	0.0
148	0.0
149	0.0
150	0.0
151	0.0
152	20.0
153	71.0
154	76.0
155	54.0
156	36.0
157	24.0
158	14.0
159	6.0
160	2.0
161	0.0
162	0.0
163	0.0
164	0.0
165	0.0
166	0.0
167	0.0
168	0.0
169	0.0
170	0.0
171	0.0
172	0.0
173	0.0
174	0.0
175	0.0
176	66.0
177	278.0
178	423.0
179	461.0
180	451.0
181	375.0
182	245.0
183	113.0
184	37.0
185	2.0
186	0.0
187	0.0
188	0.0
189	0.0
190	0.0
191	0.0
192	0.0
193	0.0
194	0.0
195	0.0
196	0.0
197	0.0
198	0.0
199	0.0
200	22.0
201	87.0
202	123.0
203	110.0
204	82.0
205	58.0
206	39.0
207	20.0
208	8.0
209	0.0
210	0.0
211	0.0
212	0.0
213	0.0
214	0.0
215	0.0
216	0.0
217	0.0
218	0.0
219	0.0
220	0.0
221	0.0
222	0.0
223	0.0
224	58.0
225	249.0
226	373.0
227	352.0
228	302.0
229	216.0
230	116.0
231	49.0
232	16.0
233	1.0
234	0.0
235	0.0
236	0.0
237	0.0
238	0.0
239	0.0
240	0.0
241	0.0
242	0.0
243	0.0
244	0.0
245	0.0
246	0.0
247	0.0
248	10.0
249	38.0
250	48.0
251	46.0
252	48.0
253	51.0
254	40.0
255	19.0
256	5.0
257	0.0
258	0.0
259	0.0
260	0.0
261	0.0
262	0.0
263	0.0
264	0.0
265	0.0
266	0.0
267	0.0
268	0.0
269	0.0
270	0.0
271	0.0
272	14.0
273	56.0
274	92.0
275	120.0
276	141.0
277	143.0
278	108.0
279	52.0
280	16.0
281	1.0
282	0.0
283	0.0
284	0.0
285	0.0
286	0.0
287	0.0
288	0.0
289	0.0
290	0.0
291	0.0
292	0.0
293	0.0
294	0.0
295	0.0
296	28.0
297	124.0
298	198.0
299	198.0
300	177.0
301	165.0
302	142.0
303	88.0
304	37.0
305	2.0
306	0.0
307	0.0
308	0.0
309	0.0
310	0.0
311	0.0
312	0.0
313	0.0
314	0.0
315	0.0
316	0.0
317	0.0
318	0.0
319	0.0
320	6.0
321	28.0
322	79.0
323	141.0
324	178.0
325	173.0
326	118.0
327	50.0
328	12.0
329	0.0
330	0.0
331	0.0
332	0.0
333	0.0
334	0.0
335	0.0
336	0.0
337	0.0
338	0.0
339	0.0
340	0.0
341	0.0
342	0.0
343	0.0
344	18.0
345	84.0
346	152.0
347	174.0
348	148.0
349	118.0
350	89.0
351	50.0
352	18.0
353	1.0
354	0.0
355	0.0
356	0.0
357	0.0
358	0.0
359	0.0
360	0.0
361	0.0
362	0.0
363	0.0
364	0.0
365	0.0
366	0.0
367	0.0
368	44.0
369	189.0
370	303.0
371	345.0
372	359.0
373	328.0
374	240.0
375	132.0
376	52.0
377	2.0
378	0.0
379	0.0
380	0.0
381	0.0
382	0.0
383	0.0
384	0.0
385	0.0
386	0.0
387	0.0
388	0.0
389	0.0
390	0.0
391	0.0
392	92.0
393	386.0
394	597.0
395	665.0
396	647.0
397	553.0
398	391.0
399	203.0
400	75.0
401	3.0
402	0.0
403	0.0
404	0.0
405	0.0
406	0.0
407	0.0
408	0.0
409	0.0
410	0.0
411	0.0
412	0.0
413	0.0
414	0.0
415	0.0
416	84.0
417	346.0
418	526.0
419	590.0
420	580.0
421	496.0
422	343.0
423	175.0
424	64.0
425	2.0
426	0.0
427	0.0
428	0.0
429	0.0
430	0.0
431	0.0
432	0.0
433	0.0
434	0.0
435	0.0
436	0.0
437	0.0
438	0.0
439	0.0
440	96.0
441	366.0
442	479.0
443	451.0
444	366.0
445	264.0
446	170.0
447	90.0
448	32.0
449	1.0
450	0.0
451	0.0
452	0.0
453	0.0
454	0.0
455	0.0
456	0.0
457	0.0
458	0.0
459	0.0
460	0.0
461	0.0
462	0.0
463	1.0
464	16.0
465	64.0
466	114.0
467	154.0
468	176.0
469	165.0
470	115.0
471	55.0
472	18.0
473	1.0
474	0.0
475	0.0
476	0.0
477	0.0
478	0.0
479	0.0
480	0.0
481	0.0
482	0.0
483	0.0
484	0.0
485	0.0
486	0.0
487	1.0
488	28.0
489	111.0
490	188.0
491	249.0
492	277.0
493	261.0
494	204.0
495	114.0
496	34.0
497	1.0
498	0.0
499	0.0
500	0.0
501	0.0
502	0.0
503	0.0
504	0.0
505	0.0
506	0.0
507	0.0
508	0.0
509	0.0
510	0.0
511	1.0
512	100.0
513	364.0
514	449.0
515	452.0
516	401.0
517	311.0
518	200.0
519	91.0
520	22.0
521	1.0
522	0.0
523	0.0
524	0.0
525	0.0
526	0.0
527	0.0
528	0.0
529	0.0
530	0.0
531	0.0
532	0.0
533	0.0
534	0.0
535	1.0
536	62.0
537	230.0
538	300.0
539	298.0
540	250.0
541	186.0
542	122.0
543	62.0
544	19.0
545	1.0
546	0.0
547	0.0
548	0.0
549	0.0
550	0.0
551	0.0
552	0.0
553	0.0
554	0.0
555	0.0
556	0.0
557	0.0
558	0.0
559	2.0
560	7.0
561	15.0
562	26.0
563	36.0
564	36.0
565	32.0
566	24.0
567	14.0
568	4.0
569	0.0
570	0.0
571	0.0
572	0.0
573	0.0
574	0.0
575	0.0
576	0.0
577	0.0
578	0.0
579	0.0
580	0.0
581	0.0
582	0.0
583	2.0
584	64.0
585	247.0
586	378.0
587	481.0
588	510.0
589	476.0
590	377.0
591	207.0
592	52.0
593	2.0
594	0.0
595	0.0
596	0.0
597	0.0
598	0.0
599	0.0
600	0.0
601	0.0
602	0.0
603	0.0
604	0.0
605	0.0
606	0.0
607	2.0
608	44.0
609	148.0
610	176.0
611	172.0
612	148.0
613	134.0
614	102.0
615	52.0
616	15.0
617	1.0
618	0.0
619	0.0
620	0.0
621	0.0
622	0.0
623	0.0
624	0.0
625	0.0
626	0.0
627	0.0
628	0.0
629	0.0
630	0.0
631	2.0
632	6.0
633	12.0
634	21.0
635	32.0
636	42.0
637	38.0
638	26.0
639	14.0
640	4.0
641	0.0
642	0.0
643	0.0
644	0.0
645	0.0
646	0.0
647	0.0
648	0.0
649	0.0
650	0.0
651	0.0
652	0.0
653	0.0
654	0.0
655	2.0
656	163.0
657	576.0
658	692.0
659	757.0
660	738.0
661	642.0
662	478.0
663	259.0
664	68.0
665	4.0
666	0.0
667	0.0
668	0.0
669	0.0
670	0.0
671	0.0
672	0.0
673	0.0
674	0.0
675	0.0
676	0.0
677	0.0
678	0.0
679	3.0
680	28.0
681	85.0
682	106.0
683	90.0
684	57.0
685	40.0
686	27.0
687	14.0
688	4.0
689	0.0
690	0.0
691	0.0
692	0.0
693	0.0
694	0.0
695	0.0
696	0.0
697	0.0
698	0.0
699	0.0
700	0.0
701	0.0
702	0.0
703	2.0
704	8.0
705	20.0
706	28.0
707	32.0
708	45.0
709	61.0
710	72.0
711	62.0
712	26.0
713	3.0
714	0.0
715	0.0
716	0.0
717	0.0
718	0.0
719	0.0
720	0.0
721	0.0
722	0.0
723	0.0
724	0.0
725	0.0
726	0.0
727	5.0
728	36.0
729	94.0
730	133.0
731	137.0
732	101.0
733	61.0
734	33.0
735	15.0
736	4.0
737	0.0
738	0.0
739	0.0
740	0.0
741	0.0
742	0.0
743	0.0
744	0.0
745	0.0
746	0.0
747	0.0
748	0.0
749	0.0
750	0.0
751	4.0
752	23.0
753	58.0
754	81.0
755	83.0
756	80.0
757	83.0
758	63.0
759	28.0
760	8.0
761	1.0
762	0.0
763	0.0
764	0.0
765	0.0
766	0.0
767	0.0
768	0.0
769	0.0
770	0.0
771	0.0
772	0.0
773	0.0
774	0.0
775	6.0
776	43.0
777	99.0
778	114.0
779	132.0
780	122.0
781	87.0
782	101.0
783	122.0
784	64.0
785	6.0
786	0.0
787	0.0
788	0.0
789	0.0
790	0.0
791	0.0
792	0.0
793	0.0
794	0.0
795	0.0
796	0.0
797	0.0
798	0.0
799	10.0
800	172.0
801	535.0
802	586.0
803	502.0
804	404.0
805	335.0
806	236.0
807	118.0
808	37.0
809	5.0
810	0.0
811	0.0
812	0.0
813	0.0
814	0.0
815	0.0
816	0.0
817	0.0
818	0.0
819	0.0
820	0.0
821	0.0
822	0.0
823	2.0
824	12.0
825	24.0
826	38.0
827	53.0
828	72.0
829	90.0
830	90.0
831	62.0
832	25.0
833	4.0
834	0.0
835	0.0
836	0.0
837	0.0
838	0.0
839	0.0
840	0.0
841	0.0
842	0.0
843	0.0
844	0.0
845	0.0
846	0.0
847	2.0
848	10.0
849	23.0
850	40.0
851	53.0
852	56.0
853	48.0
854	34.0
855	20.0
856	8.0
857	2.0
858	0.0
859	0.0
860	0.0
861	0.0
862	0.0
863	0.0
864	0.0
865	0.0
866	0.0
867	0.0
868	0.0
869	0.0
870	0.0
871	18.0
872	89.0
873	159.0
874	159.0
875	145.0
876	114.0
877	83.0
878	69.0
879	51.0
880	25.0
881	6.0
882	0.0
883	0.0
884	0.0
885	0.0
886	0.0
887	0.0
888	0.0
889	0.0
890	0.0
891	0.0
892	0.0
893	0.0
894	0.0
895	14.0
896	99.0
897	254.0
898	344.0
899	358.0
900	361.0
901	366.0
902	304.0
903	182.0
904	65.0
905	8.0
906	0.0
907	0.0
908	0.0
909	0.0
910	0.0
911	0.0
912	0.0
913	0.0
914	0.0
915	0.0
916	0.0
917	0.0
918	0.0
919	17.0
920	112.0
921	279.0
922	371.0
923	348.0
924	269.0
925	205.0
926	139.0
927	70.0
928	23.0
929	3.0
930	0.0
931	0.0
932	0.0
933	0.0
934	0.0
935	0.0
936	0.0
937	0.0
938	0.0
939	0.0
940	0.0
941	0.0
942	0.0
943	17.0
944	65.0
945	80.0
946	66.0
947	44.0
948	34.0
949	32.0
950	26.0
951	16.0
952	7.0
953	2.0
954	0.0
955	0.0
956	0.0
957	0.0
958	0.0
959	0.0
960	0.0
961	0.0
962	0.0
963	0.0
964	0.0
965	0.0
966	0.0
967	8.0
968	39.0
969	80.0
970	146.0
971	228.0
972	297.0
973	303.0
974	216.0
975	118.0
976	60.0
977	20.0
978	1.0
979	0.0
980	0.0
981	0.0
982	0.0
983	0.0
984	0.0
985	0.0
986	0.0
987	0.0
988	0.0
989	0.0
990	0.0
991	25.0
992	178.0
993	430.0
994	514.0
995	552.0
996	533.0
997	464.0
998	363.0
999	232.0
1000	102.0
1001	28.0
1002	1.0
1003	0.0
1004	0.0
1005	0.0
1006	0.0
1007	0.0
1008	0.0
1009	0.0
1010	0.0
1011	0.0
1012	0.0
1013	0.0
1014	0.0
1015	25.0
1016	120.0
1017	219.0
1018	277.0
1019	311.0
1020	338.0
1021	360.0
1022	348.0
1023	261.0
1024	126.0
1025	37.0
1026	2.0
1027	0.0
1028	0.0
1029	0.0
1030	0.0
1031	0.0
1032	0.0
1033	0.0
1034	0.0
1035	0.0
1036	0.0
1037	0.0
1038	0.0
1039	28.0
1040	186.0
1041	432.0
1042	498.0
1043	490.0
1044	422.0
1045	322.0
1046	219.0
1047	125.0
1048	49.0
1049	11.0
1050	0.0
1051	0.0
1052	0.0
1053	0.0
1054	0.0
1055	0.0
1056	0.0
1057	0.0
1058	0.0
1059	0.0
1060	0.0
1061	0.0
1062	0.0
1063	4.0
1064	18.0
1065	35.0
1066	52.0
1067	64.0
1068	67.0
1069	60.0
1070	44.0
1071	27.0
1072	12.0
1073	3.0
1074	0.0
1075	0.0
1076	0.0
1077	0.0
1078	0.0
1079	0.0
1080	0.0
1081	0.0
1082	0.0
1083	0.0
1084	0.0
1085	0.0
1086	0.0
1087	33.0
1088	212.0
1089	509.0
1090	669.0
1091	740.0
1092	747.0
1093	700.0
1094	585.0
1095	395.0
1096	182.0
1097	53.0
1098	2.0
1099	0.0
1100	0.0
1101	0.0
1102	0.0
1103	0.0
1104	0.0
1105	0.0
1106	0.0
1107	0.0
1108	0.0
1109	0.0
1110	0.0
1111	46.0
1112	272.0
1113	605.0
1114	784.0
1115	890.0
1116	894.0
1117	820.0
1118	673.0
1119	448.0
1120	204.0
1121	58.0
1122	2.0
1123	0.0
1124	0.0
1125	0.0
1126	0.0
1127	0.0
1128	0.0
1129	0.0
1130	0.0
1131	0.0
1132	0.0
1133	0.0
1134	0.0
1135	54.0
1136	282.0
1137	554.0
1138	647.0
1139	692.0
1140	697.0
1141	635.0
1142	498.0
1143	314.0
1144	140.0
1145	42.0
1146	2.0
1147	0.0
1148	0.0
1149	0.0
1150	0.0
1151	0.0
1152	0.0
1153	0.0
1154	0.0
1155	0.0
1156	0.0
1157	0.0
1158	0.0
1159	44.0
1160	194.0
1161	319.0
1162	380.0
1163	392.0
1164	340.0
1165	248.0
1166	158.0
1167	84.0
1168	35.0
1169	9.0
1170	0.0
1171	0.0
1172	0.0
1173	0.0
1174	0.0
1175	0.0
1176	0.0
1177	0.0
1178	0.0
1179	0.0
1180	0.0
1181	0.0
1182	0.0
1183	32.0
1184	158.0
1185	318.0
1186	451.0
1187	562.0
1188	662.0
1189	699.0
1190	600.0
1191	391.0
1192	177.0
1193	54.0
1194	2.0
1195	0.0
1196	0.0
1197	0.0
1198	0.0
1199	0.0
1200	0.0
1201	0.0
1202	0.0
1203	0.0
1204	0.0
1205	0.0
1206	0.0
1207	4.0
1208	21.0
1209	56.0
1210	99.0
1211	126.0
1212	131.0
1213	116.0
1214	82.0
1215	40.0
1216	13.0
1217	3.0
1218	0.0
1219	0.0
1220	0.0
1221	0.0
1222	0.0
1223	0.0
1224	0.0
1225	0.0
1226	0.0
1227	0.0
1228	0.0
1229	0.0
1230	0.0
1231	4.0
1232	16.0
1233	33.0
1234	50.0
1235	57.0
1236	55.0
1237	50.0
1238	40.0
1239	25.0
1240	12.0
1241	4.0
1242	0.0
1243	0.0
1244	0.0
1245	0.0
1246	0.0
1247	0.0
1248	0.0
1249	0.0
1250	0.0
1251	0.0
1252	0.0
1253	0.0
1254	0.0
1255	4.0
1256	15.0
1257	28.0
1258	42.0
1259	62.0
1260	84.0
1261	103.0
1262	104.0
1263	78.0
1264	39.0
1265	12.0
1266	0.0
1267	0.0
1268	0.0
1269	0.0
1270	0.0
1271	0.0
1272	0.0
1273	0.0
1274	0.0
1275	0.0
1276	0.0
1277	0.0
1278	0.0
1279	87.0
1280	325.0
1281	422.0
1282	468.0
1283	477.0
1284	456.0
1285	441.0
1286	411.0
1287	300.0
1288	147.0
1289	39.0
1290	2.0
1291	0.0
1292	0.0
1293	0.0
1294	0.0
1295	0.0
1296	0.0
1297	0.0
1298	0.0
1299	0.0
1300	0.0
1301	0.0
1302	0.0
1303	109.0
1304	420.0
1305	591.0
1306	706.0
1307	750.0
1308	726.0
1309	658.0
1310	553.0
1311	388.0
1312	188.0
1313	46.0
1314	2.0
1315	0.0
1316	0.0
1317	0.0
1318	0.0
1319	0.0
1320	0.0
1321	0.0
1322	0.0
1323	0.0
1324	0.0
1325	0.0
1326	1.0
1327	62.0
1328	222.0
1329	295.0
1330	380.0
1331	464.0
1332	503.0
1333	498.0
1334	443.0
1335	312.0
1336	152.0
1337	42.0
1338	2.0
1339	0.0
1340	0.0
1341	0.0
1342	0.0
1343	0.0
1344	0.0
1345	0.0
1346	0.0
1347	0.0
1348	0.0
1349	0.0
1350	1.0
1351	66.0
1352	260.0
1353	408.0
1354	562.0
1355	695.0
1356	724.0
1357	612.0
1358	440.0
1359	274.0
1360	134.0
1361	37.0
1362	2.0
1363	0.0
1364	0.0
1365	0.0
1366	0.0
1367	0.0
1368	0.0
1369	0.0
1370	0.0
1371	0.0
1372	0.0
1373	0.0
1374	2.0
1375	118.0
1376	462.0
1377	695.0
1378	883.0
1379	1001.0
1380	1002.0
1381	885.0
1382	712.0
1383	496.0
1384	255.0
1385	70.0
1386	3.0
1387	0.0
1388	0.0
1389	0.0
1390	0.0
1391	0.0
1392	0.0
1393	0.0
1394	0.0
1395	0.0
1396	0.0
1397	0.0
1398	2.0
1399	104.0
1400	404.0
1401	618.0
1402	814.0
1403	941.0
1404	964.0
1405	894.0
1406	742.0
1407	516.0
1408	262.0
1409	72.0
1410	3.0
1411	0.0
1412	0.0
1413	0.0
1414	0.0
1415	0.0
1416	0.0
1417	0.0
1418	0.0
1419	0.0
1420	0.0
1421	0.0
1422	2.0
1423	129.0
1424	497.0
1425	736.0
1426	924.0
1427	1028.0
1428	1018.0
1429	912.0
1430	758.0
1431	544.0
1432	288.0
1433	84.0
1434	4.0
1435	0.0
1436	0.0
1437	0.0
1438	0.0
1439	0.0
1440	0.0
1441	0.0
1442	0.0
1443	0.0
1444	0.0
1445	0.0
1446	6.0
1447	46.0
1448	120.0
1449	147.0
1450	135.0
1451	103.0
1452	76.0
1453	50.0
1454	30.0
1455	18.0
1456	9.0
1457	4.0
1458	0.0
1459	0.0
1460	0.0
1461	0.0
1462	0.0
1463	0.0
1464	0.0
1465	0.0
1466	0.0
1467	0.0
1468	0.0
1469	0.0
1470	2.0
1471	16.0
1472	76.0
1473	246.0
1474	463.0
1475	571.0
1476	536.0
1477	408.0
1478	286.0
1479	187.0
1480	82.0
1481	18.0
1482	2.0
1483	0.0
1484	0.0
1485	0.0
1486	0.0
1487	0.0
1488	0.0
1489	0.0
1490	0.0
1491	0.0
1492	0.0
1493	0.0
1494	9.0
1495	53.0
1496	128.0
1497	208.0
1498	334.0
1499	476.0
1500	557.0
1501	568.0
1502	530.0
1503	420.0
1504	238.0
1505	74.0
1506	5.0
1507	0.0
1508	0.0
1509	0.0
1510	0.0
1511	0.0
1512	0.0
1513	0.0
1514	0.0
1515	0.0
1516	0.0
1517	0.0
1518	4.0
1519	22.0
1520	40.0
1521	48.0
1522	48.0
1523	48.0
1524	51.0
1525	64.0
1526	86.0
1527	100.0
1528	82.0
1529	34.0
1530	4.0
1531	0.0
1532	0.0
1533	0.0
1534	0.0
1535	0.0
1536	0.0
1537	0.0
1538	0.0
1539	0.0
1540	0.0
1541	0.0
1542	13.0
1543	80.0
1544	208.0
1545	334.0
1546	430.0
1547	464.0
1548	452.0
1549	401.0
1550	316.0
1551	217.0
1552	115.0
1553	36.0
1554	4.0
1555	0.0
1556	0.0
1557	0.0
1558	0.0
1559	0.0
1560	0.0
1561	0.0
1562	0.0
1563	0.0
1564	0.0
1565	0.0
1566	11.0
1567	74.0
1568	191.0
1569	281.0
1570	336.0
1571	356.0
1572	324.0
1573	262.0
1574	206.0
1575	162.0
1576	110.0
1577	46.0
1578	5.0
1579	0.0
1580	0.0
1581	0.0
1582	0.0
1583	0.0
1584	0.0
1585	0.0
1586	0.0
1587	0.0
1588	0.0
1589	0.0
1590	14.0
1591	96.0
1592	258.0
1593	427.0
1594	597.0
1595	701.0
1596	699.0
1597	657.0
1598	599.0
1599	467.0
1600	265.0
1601	86.0
1602	8.0
1603	0.0
1604	0.0
1605	0.0
1606	0.0
1607	0.0
1608	0.0
1609	0.0
1610	0.0
1611	0.0
1612	0.0
1613	0.0
1614	15.0
1615	69.0
1616	142.0
1617	230.0
1618	326.0
1619	428.0
1620	497.0
1621	476.0
1622	397.0
1623	295.0
1624	170.0
1625	58.0
1626	8.0
1627	0.0
1628	0.0
1629	0.0
1630	0.0
1631	0.0
1632	0.0
1633	0.0
1634	0.0
1635	0.0
1636	0.0
1637	0.0
1638	18.0
1639	100.0
1640	236.0
1641	395.0
1642	571.0
1643	672.0
1644	686.0
1645	659.0
1646	576.0
1647	415.0
1648	223.0
1649	73.0
1650	9.0
1651	0.0
1652	0.0
1653	0.0
1654	0.0
1655	0.0
1656	0.0
1657	0.0
1658	0.0
1659	0.0
1660	0.0
1661	0.0
1662	20.0
1663	186.0
1664	544.0
1665	781.0
1666	936.0
1667	976.0
1668	930.0
1669	820.0
1670	644.0
1671	429.0
1672	223.0
1673	74.0
1674	10.0
1675	0.0
1676	0.0
1677	0.0
1678	0.0
1679	0.0
1680	0.0
1681	0.0
1682	0.0
1683	0.0
1684	0.0
1685	0.0
1686	20.0
1687	98.0
1688	212.0
1689	341.0
1690	476.0
1691	584.0
1692	651.0
1693	676.0
1694	653.0
1695	535.0
1696	317.0
1697	111.0
1698	17.0
1699	0.0
1700	0.0
1701	0.0
1702	0.0
1703	0.0
1704	0.0
1705	0.0
1706	0.0
1707	0.0
1708	0.0
1709	0.0
1710	29.0
1711	193.0
1712	482.0
1713	663.0
1714	756.0
1715	767.0
1716	712.0
1717	606.0
1718	470.0
1719	320.0
1720	172.0
1721	59.0
1722	10.0
1723	0.0
1724	0.0
1725	0.0
1726	0.0
1727	0.0
1728	0.0
1729	0.0
1730	0.0
1731	0.0
1732	0.0
1733	0.0
1734	36.0
1735	224.0
1736	542.0
1737	773.0
1738	884.0
1739	866.0
1740	807.0
1741	725.0
1742	613.0
1743	460.0
1744	270.0
1745	102.0
1746	19.0
1747	1.0
1748	0.0
1749	0.0
1750	0.0
1751	0.0
1752	0.0
1753	0.0
1754	0.0
1755	0.0
1756	0.0
1757	0.0
1758	39.0
1759	198.0
1760	398.0
1761	556.0
1762	707.0
1763	827.0
1764	868.0
1765	824.0
1766	708.0
1767	518.0
1768	290.0
1769	104.0
1770	20.0
1771	1.0
1772	0.0
1773	0.0
1774	0.0
1775	0.0
1776	0.0
1777	0.0
1778	0.0
1779	0.0
1780	0.0
1781	0.0
1782	19.0
1783	90.0
1784	176.0
1785	238.0
1786	260.0
1787	265.0
1788	262.0
1789	228.0
1790	161.0
1791	92.0
1792	45.0
1793	16.0
1794	4.0
1795	0.0
1796	0.0
1797	0.0
1798	0.0
1799	0.0
1800	0.0
1801	0.0
1802	0.0
1803	0.0
1804	0.0
1805	0.0
1806	47.0
1807	230.0
1808	480.0
1809	733.0
1810	899.0
1811	914.0
1812	817.0
1813	658.0
1814	499.0
1815	366.0
1816	230.0
1817	98.0
1818	21.0
1819	1.0
1820	0.0
1821	0.0
1822	0.0
1823	0.0
1824	0.0
1825	0.0
1826	0.0
1827	0.0
1828	0.0
1829	0.0
1830	66.0
1831	306.0
1832	580.0
1833	818.0
1834	999.0
1835	1094.0
1836	1078.0
1837	997.0
1838	852.0
1839	638.0
1840	375.0
1841	143.0
1842	31.0
1843	1.0
1844	0.0
1845	0.0
1846	0.0
1847	0.0
1848	0.0
1849	0.0
1850	0.0
1851	0.0
1852	0.0
1853	0.0
1854	13.0
1855	54.0
1856	91.0
1857	122.0
1858	148.0
1859	163.0
1860	162.0
1861	152.0
1862	134.0
1863	106.0
1864	66.0
1865	27.0
1866	6.0
1867	0.0
1868	0.0
1869	0.0
1870	0.0
1871	0.0
1872	0.0
1873	0.0
1874	0.0
1875	0.0
1876	0.0
1877	0.0
1878	30.0
1879	126.0
1880	214.0
1881	295.0
1882	374.0
1883	464.0
1884	538.0
1885	571.0
1886	548.0
1887	440.0
1888	260.0
1889	99.0
1890	21.0
1891	1.0
1892	0.0
1893	0.0
1894	0.0
1895	0.0
1896	0.0
1897	0.0
1898	0.0
1899	0.0
1900	0.0
1901	0.0
1902	18.0
1903	86.0
1904	181.0
1905	272.0
1906	314.0
1907	308.0
1908	253.0
1909	182.0
1910	138.0
1911	102.0
1912	59.0
1913	23.0
1914	5.0
1915	0.0
1916	0.0
1917	0.0
1918	0.0
1919	0.0
1920	0.0
1921	0.0
1922	0.0
1923	0.0
1924	0.0
1925	1.0
1926	22.0
1927	91.0
1928	164.0
1929	241.0
1930	327.0
1931	410.0
1932	440.0
1933	403.0
1934	333.0
1935	246.0
1936	143.0
1937	56.0
1938	12.0
1939	0.0
1940	0.0
1941	0.0
1942	0.0
1943	0.0
1944	0.0
1945	0.0
1946	0.0
1947	0.0
1948	0.0
1949	1.0
1950	28.0
1951	108.0
1952	171.0
1953	194.0
1954	194.0
1955	191.0
1956	186.0
1957	174.0
1958	156.0
1959	124.0
1960	75.0
1961	32.0
1962	8.0
1963	0.0
1964	0.0
1965	0.0
1966	0.0
1967	0.0
1968	0.0
1969	0.0
1970	0.0
1971	0.0
1972	0.0
1973	2.0
1974	14.0
1975	48.0
1976	92.0
1977	159.0
1978	244.0
1979	325.0
1980	380.0
1981	399.0
1982	369.0
1983	294.0
1984	189.0
1985	83.0
1986	19.0
1987	1.0
1988	0.0
1989	0.0
1990	0.0
1991	0.0
1992	0.0
1993	0.0
1994	0.0
1995	0.0
1996	0.0
1997	2.0
1998	22.0
1999	86.0
2000	161.0
2001	236.0
2002	292.0
2003	335.0
2004	378.0
2005	361.0
2006	252.0
2007	139.0
2008	70.0
2009	28.0
2010	6.0
2011	0.0
2012	0.0
2013	0.0
2014	0.0
2015	0.0
2016	0.0
2017	0.0
2018	0.0
2019	0.0
2020	0.0
2021	1.0
2022	7.0
2023	17.0
2024	28.0
2025	61.0
2026	146.0
2027	258.0
2028	354.0
2029	429.0
2030	489.0
2031	480.0
2032	345.0
2033	159.0
2034	38.0
2035	2.0
2036	0.0
2037	0.0
2038	0.0
2039	0.0
2040	0.0
2041	0.0
2042	0.0
2043	0.0
2044	0.0
2045	2.0
2046	65.0
2047	271.0
2048	514.0
2049	728.0
2050	838.0
2051	875.0
2052	886.0
2053	800.0
2054	609.0
2055	386.0
2056	192.0
2057	70.0
2058	16.0
2059	0.0
2060	0.0
2061	0.0
2062	0.0
2063	0.0
2064	0.0
2065	0.0
2066	0.0
2067	0.0
2068	0.0
2069	2.0
2070	12.0
2071	58.0
2072	180.0
2073	379.0
2074	533.0
2075	604.0
2076	628.0
2077	612.0
2078	542.0
2079	418.0
2080	263.0
2081	115.0
2082	25.0
2083	1.0
2084	0.0
2085	0.0
2086	0.0
2087	0.0
2088	0.0
2089	0.0
2090	0.0
2091	0.0
2092	0.0
2093	2.0
2094	29.0
2095	93.0
2096	130.0
2097	175.0
2098	275.0
2099	468.0
2100	706.0
2101	824.0
2102	748.0
2103	562.0
2104	343.0
2105	146.0
2106	33.0
2107	1.0
2108	0.0
2109	0.0
2110	0.0
2111	0.0
2112	0.0
2113	0.0
2114	0.0
2115	0.0
2116	0.0
2117	4.0
2118	33.0
2119	98.0
2120	175.0
2121	290.0
2122	431.0
2123	580.0
2124	677.0
2125	643.0
2126	508.0
2127	383.0
2128	277.0
2129	146.0
2130	38.0
2131	2.0
2132	0.0
2133	0.0
2134	0.0
2135	0.0
2136	0.0
2137	0.0
2138	0.0
2139	0.0
2140	0.0
2141	6.0
2142	69.0
2143	229.0
2144	358.0
2145	450.0
2146	547.0
2147	678.0
2148	802.0
2149	834.0
2150	750.0
2151	573.0
2152	344.0
2153	143.0
2154	32.0
2155	1.0
2156	0.0
2157	0.0
2158	0.0
2159	0.0
2160	0.0
2161	0.0
2162	0.0
2163	0.0
2164	0.0
2165	6.0
2166	50.0
2167	150.0
2168	249.0
2169	338.0
2170	424.0
2171	505.0
2172	575.0
2173	607.0
2174	537.0
2175	388.0
2176	232.0
2177	102.0
2178	25.0
2179	1.0
2180	0.0
2181	0.0
2182	0.0
2183	0.0
2184	0.0
2185	0.0
2186	0.0
2187	0.0
2188	0.0
2189	7.0
2190	94.0
2191	342.0
2192	597.0
2193	817.0
2194	972.0
2195	1056.0
2196	1076.0
2197	1010.0
2198	852.0
2199	620.0
2200	370.0
2201	160.0
2202	38.0
2203	2.0
2204	0.0
2205	0.0
2206	0.0
2207	0.0
2208	0.0
2209	0.0
2210	0.0
2211	0.0
2212	0.0
2213	6.0
2214	48.0
2215	145.0
2216	272.0
2217	426.0
2218	546.0
2219	590.0
2220	572.0
2221	521.0
2222	447.0
2223	348.0
2224	226.0
2225	105.0
2226	25.0
2227	1.0
2228	0.0
2229	0.0
2230	0.0
2231	0.0
2232	0.0
2233	0.0
2234	0.0
2235	0.0
2236	0.0
2237	3.0
2238	37.0
2239	126.0
2240	228.0
2241	360.0
2242	518.0
2243	669.0
2244	765.0
2245	796.0
2246	741.0
2247	592.0
2248	384.0
2249	175.0
2250	43.0
2251	2.0
2252	0.0
2253	0.0
2254	0.0
2255	0.0
2256	0.0
2257	0.0
2258	0.0
2259	0.0
2260	0.0
2261	7.0
2262	68.0
2263	212.0
2264	296.0
2265	289.0
2266	262.0
2267	326.0
2268	472.0
2269	578.0
2270	559.0
2271	468.0
2272	334.0
2273	165.0
2274	42.0
2275	2.0
2276	0.0
2277	0.0
2278	0.0
2279	0.0
2280	0.0
2281	0.0
2282	0.0
2283	0.0
2284	0.0
2285	5.0
2286	32.0
2287	82.0
2288	144.0
2289	207.0
2290	252.0
2291	300.0
2292	342.0
2293	337.0
2294	299.0
2295	261.0
2296	211.0
2297	127.0
2298	40.0
2299	2.0
2300	0.0
2301	0.0
2302	0.0
2303	0.0
2304	0.0
2305	0.0
2306	0.0
2307	0.0
2308	0.0
2309	9.0
2310	86.0
2311	276.0
2312	458.0
2313	554.0
2314	520.0
2315	400.0
2316	274.0
2317	179.0
2318	115.0
2319	90.0
2320	102.0
2321	77.0
2322	22.0
2323	2.0
2324	0.0
2325	0.0
2326	0.0
2327	0.0
2328	0.0
2329	0.0
2330	0.0
2331	0.0
2332	0.0
2333	10.0
2334	87.0
2335	250.0
2336	365.0
2337	431.0
2338	485.0
2339	559.0
2340	638.0
2341	675.0
2342	654.0
2343	572.0
2344	405.0
2345	202.0
2346	55.0
2347	4.0
2348	0.0
2349	0.0
2350	0.0
2351	0.0
2352	0.0
2353	0.0
2354	0.0
2355	0.0
2356	0.0
2357	10.0
2358	66.0
2359	169.0
2360	279.0
2361	445.0
2362	609.0
2363	698.0
2364	710.0
2365	678.0
2366	612.0
2367	484.0
2368	321.0
2369	162.0
2370	46.0
2371	3.0
2372	0.0
2373	0.0
2374	0.0
2375	0.0
2376	0.0
2377	0.0
2378	0.0
2379	0.0
2380	0.0
2381	20.0
2382	124.0
2383	324.0
2384	528.0
2385	714.0
2386	863.0
2387	949.0
2388	970.0
2389	934.0
2390	812.0
2391	612.0
2392	386.0
2393	183.0
2394	50.0
2395	4.0
2396	0.0
2397	0.0
2398	0.0
2399	0.0
2400	0.0
2401	0.0
2402	0.0
2403	0.0
2404	0.0
2405	14.0
2406	105.0
2407	308.0
2408	518.0
2409	697.0
2410	842.0
2411	935.0
2412	954.0
2413	896.0
2414	768.0
2415	593.0
2416	393.0
2417	196.0
2418	57.0
2419	4.0
2420	0.0
2421	0.0
2422	0.0
2423	0.0
2424	0.0
2425	0.0
2426	0.0
2427	0.0
2428	0.0
2429	24.0
2430	147.0
2431	392.0
2432	662.0
2433	890.0
2434	1050.0
2435	1117.0
2436	1092.0
2437	997.0
2438	829.0
2439	600.0
2440	360.0
2441	168.0
2442	49.0
2443	4.0
2444	0.0
2445	0.0
2446	0.0
2447	0.0
2448	0.0
2449	0.0
2450	0.0
2451	0.0
2452	0.0
2453	22.0
2454	127.0
2455	324.0
2456	554.0
2457	789.0
2458	971.0
2459	1063.0
2460	1057.0
2461	949.0
2462	750.0
2463	509.0
2464	286.0
2465	124.0
2466	34.0
2467	4.0
2468	0.0
2469	0.0
2470	0.0
2471	0.0
2472	0.0
2473	0.0
2474	0.0
2475	0.0
2476	0.0
2477	25.0
2478	142.0
2479	348.0
2480	558.0
2481	712.0
2482	774.0
2483	759.0
2484	705.0
2485	624.0
2486	533.0
2487	431.0
2488	310.0
2489	172.0
2490	55.0
2491	6.0
2492	0.0
2493	0.0
2494	0.0
2495	0.0
2496	0.0
2497	0.0
2498	0.0
2499	0.0
2500	0.0
2501	26.0
2502	140.0
2503	335.0
2504	569.0
2505	752.0
2506	843.0
2507	874.0
2508	878.0
2509	843.0
2510	761.0
2511	618.0
2512	423.0
2513	214.0
2514	64.0
2515	7.0
2516	0.0
2517	0.0
2518	0.0
2519	0.0
2520	0.0
2521	0.0
2522	0.0
2523	0.0
2524	0.0
2525	7.0
2526	32.0
2527	66.0
2528	95.0
2529	159.0
2530	239.0
2531	308.0
2532	354.0
2533	392.0
2534	406.0
2535	350.0
2536	247.0
2537	136.0
2538	44.0
2539	5.0
2540	0.0
2541	0.0
2542	0.0
2543	0.0
2544	0.0
2545	0.0
2546	0.0
2547	0.0
2548	0.0
2549	18.0
2550	99.0
2551	246.0
2552	402.0
2553	571.0
2554	682.0
2555	770.0
2556	829.0
2557	798.0
2558	678.0
2559	486.0
2560	291.0
2561	140.0
2562	44.0
2563	6.0
2564	0.0
2565	0.0
2566	0.0
2567	0.0
2568	0.0
2569	0.0
2570	0.0
2571	0.0
2572	0.0
2573	28.0
2574	158.0
2575	378.0
2576	563.0
2577	665.0
2578	727.0
2579	769.0
2580	794.0
2581	790.0
2582	741.0
2583	630.0
2584	448.0
2585	239.0
2586	78.0
2587	9.0
2588	0.0
2589	0.0
2590	0.0
2591	0.0
2592	0.0
2593	0.0
2594	0.0
2595	0.0
2596	1.0
2597	30.0
2598	159.0
2599	388.0
2600	638.0
2601	830.0
2602	928.0
2603	940.0
2604	919.0
2605	880.0
2606	763.0
2607	546.0
2608	307.0
2609	134.0
2610	40.0
2611	5.0
2612	0.0
2613	0.0
2614	0.0
2615	0.0
2616	0.0
2617	0.0
2618	0.0
2619	0.0
2620	1.0
2621	24.0
2622	130.0
2623	338.0
2624	598.0
2625	840.0
2626	1019.0
2627	1090.0
2628	1082.0
2629	1038.0
2630	930.0
2631	749.0
2632	519.0
2633	275.0
2634	92.0
2635	11.0
2636	0.0
2637	0.0
2638	0.0
2639	0.0
2640	0.0
2641	0.0
2642	0.0
2643	0.0
2644	1.0
2645	34.0
2646	175.0
2647	410.0
2648	660.0
2649	866.0
2650	1022.0
2651	1128.0
2652	1161.0
2653	1106.0
2654	978.0
2655	786.0
2656	540.0
2657	285.0
2658	96.0
2659	12.0
2660	0.0
2661	0.0
2662	0.0
2663	0.0
2664	0.0
2665	0.0
2666	0.0
2667	0.0
2668	2.0
2669	36.0
2670	180.0
2671	418.0
2672	683.0
2673	910.0
2674	1077.0
2675	1168.0
2676	1169.0
2677	1070.0
2678	898.0
2679	681.0
2680	446.0
2681	228.0
2682	78.0
2683	12.0
2684	0.0
2685	0.0
2686	0.0
2687	0.0
2688	0.0
2689	0.0
2690	0.0
2691	0.0
2692	2.0
2693	27.0
2694	118.0
2695	251.0
2696	392.0
2697	493.0
2698	552.0
2699	592.0
2700	612.0
2701	594.0
2702	526.0
2703	412.0
2704	275.0
2705	144.0
2706	50.0
2707	9.0
2708	0.0
2709	0.0
2710	0.0
2711	0.0
2712	0.0
2713	0.0
2714	0.0
2715	0.0
2716	2.0
2717	32.0
2718	144.0
2719	327.0
2720	529.0
2721	716.0
2722	882.0
2723	950.0
2724	925.0
2725	870.0
2726	778.0
2727	642.0
2728	458.0
2729	250.0
2730	91.0
2731	14.0
2732	0.0
2733	0.0
2734	0.0
2735	0.0
2736	0.0
2737	0.0
2738	0.0
2739	0.0
2740	2.0
2741	34.0
2742	129.0
2743	225.0
2744	286.0
2745	359.0
2746	475.0
2747	626.0
2748	735.0
2749	755.0
2750	718.0
2751	611.0
2752	436.0
2753	249.0
2754	95.0
2755	14.0
2756	0.0
2757	0.0
2758	0.0
2759	0.0
2760	0.0
2761	0.0
2762	0.0
2763	0.0
2764	2.0
2765	33.0
2766	116.0
2767	192.0
2768	243.0
2769	250.0
2770	243.0
2771	252.0
2772	306.0
2773	358.0
2774	356.0
2775	290.0
2776	186.0
2777	108.0
2778	51.0
2779	11.0
2780	0.0
2781	0.0
2782	0.0
2783	0.0
2784	0.0
2785	0.0
2786	0.0
2787	0.0
2788	2.0
2789	33.0
2790	140.0
2791	285.0
2792	366.0
2793	451.0
2794	601.0
2795	727.0
2796	750.0
2797	698.0
2798	614.0
2799	496.0
2800	346.0
2801	194.0
2802	76.0
2803	14.0
2804	0.0
2805	0.0
2806	0.0
2807	0.0
2808	0.0
2809	0.0
2810	0.0
2811	0.0
2812	3.0
2813	34.0
2814	140.0
2815	315.0
2816	472.0
2817	572.0
2818	656.0
2819	751.0
2820	801.0
2821	722.0
2822	563.0
2823	432.0
2824	309.0
2825	173.0
2826	67.0
2827	12.0
2828	0.0
2829	0.0
2830	0.0
2831	0.0
2832	0.0
2833	0.0
2834	0.0
2835	0.0
2836	4.0
2837	44.0
2838	180.0
2839	389.0
2840	588.0
2841	708.0
2842	718.0
2843	665.0
2844	634.0
2845	636.0
2846	612.0
2847	546.0
2848	435.0
2849	273.0
2850	110.0
2851	18.0
2852	1.0
2853	0.0
2854	0.0
2855	0.0
2856	0.0
2857	0.0
2858	0.0
2859	0.0
2860	2.0
2861	17.0
2862	66.0
2863	152.0
2864	231.0
2865	331.0
2866	482.0
2867	631.0
2868	685.0
2869	631.0
2870	535.0
2871	422.0
2872	278.0
2873	145.0
2874	56.0
2875	12.0
2876	0.0
2877	0.0
2878	0.0
2879	0.0
2880	0.0
2881	0.0
2882	0.0
2883	0.0
2884	4.0
2885	44.0
2886	172.0
2887	374.0
2888	585.0
2889	727.0
2890	802.0
2891	835.0
2892	824.0
2893	748.0
2894	624.0
2895	487.0
2896	347.0
2897	204.0
2898	86.0
2899	19.0
2900	1.0
2901	0.0
2902	0.0
2903	0.0
2904	0.0
2905	0.0
2906	0.0
2907	0.0
2908	5.0
2909	51.0
2910	191.0
2911	388.0
2912	586.0
2913	757.0
2914	922.0
2915	1046.0
2916	1104.0
2917	1085.0
2918	985.0
2919	804.0
2920	563.0
2921	314.0
2922	125.0
2923	27.0
2924	1.0
2925	0.0
2926	0.0
2927	0.0
2928	0.0
2929	0.0
2930	0.0
2931	0.0
2932	5.0
2933	56.0
2934	207.0
2935	430.0
2936	668.0
2937	842.0
2938	924.0
2939	944.0
2940	914.0
2941	805.0
2942	629.0
2943	441.0
2944	276.0
2945	142.0
2946	52.0
2947	11.0
2948	0.0
2949	0.0
2950	0.0
2951	0.0
2952	0.0
2953	0.0
2954	0.0
2955	0.0
2956	6.0
2957	56.0
2958	204.0
2959	428.0
2960	672.0
2961	864.0
2962	1022.0
2963	1124.0
2964	1130.0
2965	1071.0
2966	963.0
2967	790.0
2968	557.0
2969	316.0
2970	130.0
2971	29.0
2972	1.0
2973	0.0
2974	0.0
2975	0.0
2976	0.0
2977	0.0
2978	0.0
2979	0.0
2980	7.0
2981	60.0
2982	198.0
2983	387.0
2984	618.0
2985	830.0
2986	999.0
2987	1066.0
2988	1020.0
2989	922.0
2990	786.0
2991	627.0
2992	453.0
2993	272.0
2994	120.0
2995	30.0
2996	1.0
2997	0.0
2998	0.0
2999	0.0
3000	0.0
3001	0.0
3002	0.0
3003	0.0
3004	8.0
3005	63.0
3006	215.0
3007	444.0
3008	703.0
3009	926.0
3010	1088.0
3011	1183.0
3012	1207.0
3013	1156.0
3014	1028.0
3015	827.0
3016	575.0
3017	323.0
3018	135.0
3019	33.0
3020	1.0
3021	0.0
3022	0.0
3023	0.0
3024	0.0
3025	0.0
3026	0.0
3027	0.0
3028	9.0
3029	67.0
3030	217.0
3031	446.0
3032	704.0
3033	926.0
3034	1086.0
3035	1170.0
3036	1166.0
3037	1095.0
3038	964.0
3039	780.0
3040	550.0
3041	312.0
3042	132.0
3043	34.0
3044	2.0
3045	0.0
3046	0.0
3047	0.0
3048	0.0
3049	0.0
3050	0.0
3051	0.0
3052	11.0
3053	71.0
3054	219.0
3055	447.0
3056	704.0
3057	926.0
3058	1088.0
3059	1170.0
3060	1156.0
3061	1078.0
3062	951.0
3063	770.0
3064	545.0
3065	312.0
3066	133.0
3067	35.0
3068	1.0
3069	0.0
3070	0.0
3071	0.0
3072	0.0
3073	0.0
3074	0.0
3075	0.0
3076	12.0
3077	76.0
3078	222.0
3079	449.0
3080	705.0
3081	927.0
3082	1089.0
3083	1183.0
3084	1200.0
3085	1134.0
3086	1006.0
3087	820.0
3088	584.0
3089	338.0
3090	147.0
3091	40.0
3092	2.0
3093	0.0
3094	0.0
3095	0.0
3096	0.0
3097	0.0
3098	0.0
3099	0.0
3100	14.0
3101	80.0
3102	223.0
3103	450.0
3104	706.0
3105	927.0
3106	1089.0
3107	1176.0
3108	1172.0
3109	1086.0
3110	938.0
3111	729.0
3112	495.0
3113	282.0
3114	125.0
3115	34.0
3116	2.0
3117	0.0
3118	0.0
3119	0.0
3120	0.0
3121	0.0
3122	0.0
3123	0.0
3124	8.0
3125	40.0
3126	103.0
3127	200.0
3128	280.0
3129	347.0
3130	400.0
3131	446.0
3132	470.0
3133	440.0
3134	363.0
3135	279.0
3136	202.0
3137	129.0
3138	64.0
3139	20.0
3140	1.0
3141	0.0
3142	0.0
3143	0.0
3144	0.0
3145	0.0
3146	0.0
3147	0.0
3148	14.0
3149	74.0
3150	193.0
3151	386.0
3152	604.0
3153	846.0
3154	1046.0
3155	1144.0
3156	1141.0
3157	1074.0
3158	938.0
3159	752.0
3160	535.0
3161	313.0
3162	141.0
3163	40.0
3164	2.0
3165	0.0
3166	0.0
3167	0.0
3168	0.0
3169	0.0
3170	0.0
3171	0.0
3172	17.0
3173	88.0
3174	229.0
3175	455.0
3176	708.0
3177	928.0
3178	1084.0
3179	1148.0
3180	1108.0
3181	1024.0
3182	909.0
3183	737.0
3184	523.0
3185	310.0
3186	143.0
3187	42.0
3188	3.0
3189	0.0
3190	0.0
3191	0.0
3192	0.0
3193	0.0
3194	0.0
3195	0.0
3196	18.0
3197	91.0
3198	231.0
3199	455.0
3200	705.0
3201	914.0
3202	1041.0
3203	1089.0
3204	1093.0
3205	1055.0
3206	954.0
3207	793.0
3208	577.0
3209	342.0
3210	155.0
3211	45.0
3212	3.0
3213	0.0
3214	0.0
3215	0.0
3216	0.0
3217	0.0
3218	0.0
3219	0.0
3220	12.0
3221	60.0
3222	133.0
3223	223.0
3224	322.0
3225	424.0
3226	512.0
3227	625.0
3228	763.0
3229	827.0
3230	762.0
3231	623.0
3232	465.0
3233	290.0
3234	135.0
3235	38.0
3236	3.0
3237	0.0
3238	0.0
3239	0.0
3240	0.0
3241	0.0
3242	0.0
3243	0.0
3244	17.0
3245	82.0
3246	181.0
3247	310.0
3248	454.0
3249	586.0
3250	688.0
3251	744.0
3252	767.0
3253	736.0
3254	641.0
3255	519.0
3256	379.0
3257	237.0
3258	119.0
3259	37.0
3260	3.0
3261	0.0
3262	0.0
3263	0.0
3264	0.0
3265	0.0
3266	0.0
3267	0.0
3268	15.0
3269	74.0
3270	168.0
3271	283.0
3272	401.0
3273	514.0
3274	609.0
3275	675.0
3276	705.0
3277	705.0
3278	662.0
3279	552.0
3280	390.0
3281	226.0
3282	104.0
3283	32.0
3284	3.0
3285	0.0
3286	0.0
3287	0.0
3288	0.0
3289	0.0
3290	0.0
3291	0.0
3292	12.0
3293	56.0
3294	142.0
3295	282.0
3296	422.0
3297	568.0
3298	684.0
3299	758.0
3300	821.0
3301	865.0
3302	834.0
3303	708.0
3304	516.0
3305	310.0
3306	146.0
3307	46.0
3308	4.0
3309	0.0
3310	0.0
3311	0.0
3312	0.0
3313	0.0
3314	0.0
3315	0.0
3316	17.0
3317	76.0
3318	177.0
3319	351.0
3320	488.0
3321	599.0
3322	664.0
3323	664.0
3324	613.0
3325	536.0
3326	442.0
3327	342.0
3328	253.0
3329	169.0
3330	86.0
3331	27.0
3332	3.0
3333	0.0
3334	0.0
3335	0.0
3336	0.0
3337	0.0
3338	0.0
3339	0.0
3340	12.0
3341	52.0
3342	140.0
3343	299.0
3344	414.0
3345	536.0
3346	656.0
3347	769.0
3348	847.0
3349	851.0
3350	768.0
3351	623.0
3352	455.0
3353	286.0
3354	142.0
3355	46.0
3356	5.0
3357	0.0
3358	0.0
3359	0.0
3360	0.0
3361	0.0
3362	0.0
3363	0.0
3364	6.0
3365	19.0
3366	48.0
3367	97.0
3368	113.0
3369	142.0
3370	177.0
3371	236.0
3372	318.0
3373	384.0
3374	405.0
3375	385.0
3376	314.0
3377	203.0
3378	99.0
3379	31.0
3380	4.0
3381	0.0
3382	0.0
3383	0.0
3384	0.0
3385	0.0
3386	0.0
3387	0.0
3388	16.0
3389	66.0
3390	133.0
3391	235.0
3392	329.0
3393	418.0
3394	492.0
3395	534.0
3396	540.0
3397	506.0
3398	407.0
3399	294.0
3400	218.0
3401	154.0
3402	80.0
3403	23.0
3404	3.0
3405	0.0
3406	0.0
3407	0.0
3408	0.0
3409	0.0
3410	0.0
3411	0.0
3412	13.0
3413	52.0
3414	96.0
3415	154.0
3416	225.0
3417	309.0
3418	375.0
3419	389.0
3420	360.0
3421	296.0
3422	214.0
3423	140.0
3424	78.0
3425	39.0
3426	18.0
3427	6.0
3428	1.0
3429	0.0
3430	0.0
3431	0.0
3432	0.0
3433	0.0
3434	0.0
3435	0.0
3436	5.0
3437	17.0
3438	39.0
3439	64.0
3440	76.0
3441	94.0
3442	104.0
3443	110.0
3444	115.0
3445	112.0
3446	100.0
3447	82.0
3448	62.0
3449	46.0
3450	28.0
3451	11.0
3452	2.0
3453	0.0
3454	0.0
3455	0.0
3456	0.0
3457	0.0
3458	0.0
3459	0.0
3460	19.0
3461	86.0
3462	198.0
3463	366.0
3464	520.0
3465	662.0
3466	784.0
3467	872.0
3468	902.0
3469	841.0
3470	674.0
3471	448.0
3472	251.0
3473	129.0
3474	59.0
3475	18.0
3476	2.0
3477	0.0
3478	0.0
3479	0.0
3480	0.0
3481	0.0
3482	0.0
3483	1.0
3484	9.0
3485	30.0
3486	80.0
3487	154.0
3488	178.0
3489	200.0
3490	223.0
3491	253.0
3492	290.0
3493	321.0
3494	324.0
3495	296.0
3496	236.0
3497	153.0
3498	78.0
3499	27.0
3500	4.0
3501	0.0
3502	0.0
3503	0.0
3504	0.0
3505	0.0
3506	0.0
3507	1.0
3508	20.0
3509	86.0
3510	201.0
3511	399.0
3512	603.0
3513	826.0
3514	977.0
3515	996.0
3516	939.0
3517	859.0
3518	770.0
3519	653.0
3520	490.0
3521	315.0
3522	163.0
3523	57.0
3524	8.0
3525	0.0
3526	0.0
3527	0.0
3528	0.0
3529	0.0
3530	0.0
3531	1.0
3532	20.0
3533	86.0
3534	195.0
3535	346.0
3536	440.0
3537	527.0
3538	625.0
3539	694.0
3540	720.0
3541	711.0
3542	668.0
3543	588.0
3544	463.0
3545	303.0
3546	154.0
3547	54.0
3548	8.0
3549	0.0
3550	0.0
3551	0.0
3552	0.0
3553	0.0
3554	0.0
3555	1.0
3556	22.0
3557	97.0
3558	219.0
3559	400.0
3560	579.0
3561	741.0
3562	851.0
3563	892.0
3564	882.0
3565	848.0
3566	745.0
3567	575.0
3568	412.0
3569	269.0
3570	146.0
3571	54.0
3572	8.0
3573	0.0
3574	0.0
3575	0.0
3576	0.0
3577	0.0
3578	0.0
3579	1.0
3580	27.0
3581	115.0
3582	242.0
3583	424.0
3584	564.0
3585	614.0
3586	587.0
3587	510.0
3588	408.0
3589	313.0
3590	232.0
3591	170.0
3592	124.0
3593	79.0
3594	41.0
3595	16.0
3596	3.0
3597	0.0
3598	0.0
3599	0.0
3600	0.0
3601	0.0
3602	0.0
3603	2.0
3604	10.0
3605	35.0
3606	75.0
3607	132.0
3608	206.0
3609	296.0
3610	415.0
3611	550.0
3612	616.0
3613	525.0
3614	320.0
3615	158.0
3616	88.0
3617	60.0
3618	40.0
3619	17.0
3620	3.0
3621	0.0
3622	0.0
3623	0.0
3624	0.0
3625	0.0
3626	0.0
3627	1.0
3628	23.0
3629	98.0
3630	212.0
3631	386.0
3632	526.0
3633	630.0
3634	698.0
3635	718.0
3636	679.0
3637	594.0
3638	505.0
3639	430.0
3640	334.0
3641	218.0
3642	112.0
3643	39.0
3644	6.0
3645	0.0
3646	0.0
3647	0.0
3648	0.0
3649	0.0
3650	0.0
3651	0.0
3652	0.0
3653	0.0
3654	0.0
3655	0.0
3656	0.0
3657	0.0
3658	0.0
3659	0.0
3660	0.0
3661	0.0
3662	0.0
3663	0.0
3664	0.0
3665	0.0
3666	0.0
3667	0.0
3668	0.0
3669	0.0
3670	0.0
3671	0.0
3672	0.0
3673	0.0
3674	0.0
3675	2.0
3676	15.0
3677	46.0
3678	112.0
3679	210.0
3680	292.0
3681	401.0
3682	503.0
3683	560.0
3684	554.0
3685	508.0
3686	428.0
3687	299.0
3688	162.0
3689	74.0
3690	30.0
3691	9.0
3692	2.0
3693	0.0
3694	0.0
3695	0.0
3696	0.0
3697	0.0
3698	0.0
3699	2.0
3700	18.0
3701	60.0
3702	127.0
3703	213.0
3704	297.0
3705	398.0
3706	490.0
3707	566.0
3708	645.0
3709	693.0
3710	653.0
3711	543.0
3712	406.0
3713	261.0
3714	132.0
3715	44.0
3716	6.0
3717	0.0
3718	0.0
3719	0.0
3720	0.0
3721	0.0
3722	0.0
3723	2.0
3724	24.0
3725	83.0
3726	182.0
3727	331.0
3728	492.0
3729	668.0
3730	828.0
3731	940.0
3732	978.0
3733	932.0
3734	805.0
3735	618.0
3736	404.0
3737	228.0
3738	116.0
3739	42.0
3740	6.0
3741	0.0
3742	0.0
3743	0.0
3744	0.0
3745	0.0
3746	0.0
3747	2.0
3748	32.0
3749	114.0
3750	248.0
3751	450.0
3752	663.0
3753	858.0
3754	1004.0
3755	1078.0
3756	1080.0
3757	1024.0
3758	912.0
3759	748.0
3760	545.0
3761	338.0
3762	170.0
3763	59.0
3764	8.0
3765	0.0
3766	0.0
3767	0.0
3768	0.0
3769	0.0
3770	0.0
3771	2.0
3772	32.0
3773	113.0
3774	242.0
3775	446.0
3776	665.0
3777	871.0
3778	1019.0
3779	1090.0
3780	1087.0
3781	1028.0
3782	915.0
3783	744.0
3784	532.0
3785	324.0
3786	163.0
3787	58.0
3788	8.0
3789	0.0
3790	0.0
3791	0.0
3792	0.0
3793	0.0
3794	0.0
3795	2.0
3796	30.0
3797	108.0
3798	219.0
3799	377.0
3800	566.0
3801	764.0
3802	906.0
3803	957.0
3804	936.0
3805	880.0
3806	810.0
3807	700.0
3808	524.0
3809	326.0
3810	160.0
3811	54.0
3812	8.0
3813	0.0
3814	0.0
3815	0.0
3816	0.0
3817	0.0
3818	0.0
3819	2.0
3820	34.0
3821	116.0
3822	240.0
3823	424.0
3824	633.0
3825	823.0
3826	946.0
3827	988.0
3828	966.0
3829	898.0
3830	786.0
3831	620.0
3832	420.0
3833	235.0
3834	107.0
3835	36.0
3836	6.0
3837	0.0
3838	0.0
3839	0.0
3840	0.0
3841	0.0
3842	0.0
3843	2.0
3844	29.0
3845	100.0
3846	212.0
3847	386.0
3848	597.0
3849	809.0
3850	985.0
3851	1092.0
3852	1110.0
3853	1050.0
3854	934.0
3855	765.0
3856	558.0
3857	349.0
3858	179.0
3859	65.0
3860	9.0
3861	0.0
3862	0.0
3863	0.0
3864	0.0
3865	0.0
3866	0.0
3867	2.0
3868	32.0
3869	109.0
3870	239.0
3871	420.0
3872	552.0
3873	662.0
3874	758.0
3875	832.0
3876	851.0
3877	803.0
3878	696.0
3879	546.0
3880	388.0
3881	242.0
3882	123.0
3883	42.0
3884	7.0
3885	0.0
3886	0.0
3887	0.0
3888	0.0
3889	0.0
3890	0.0
3891	2.0
3892	12.0
3893	31.0
3894	61.0
3895	92.0
3896	118.0
3897	155.0
3898	192.0
3899	229.0
3900	256.0
3901	262.0
3902	258.0
3903	249.0
3904	212.0
3905	139.0
3906	68.0
3907	24.0
3908	4.0
3909	0.0
3910	0.0
3911	0.0
3912	0.0
3913	0.0
3914	0.0
3915	2.0
3916	14.0
3917	42.0
3918	103.0
3919	168.0
3920	182.0
3921	204.0
3922	249.0
3923	327.0
3924	410.0
3925	474.0
3926	490.0
3927	418.0
3928	286.0
3929	158.0
3930	72.0
3931	24.0
3932	4.0
3933	0.0
3934	0.0
3935	0.0
3936	0.0
3937	0.0
3938	0.0
3939	2.0
3940	14.0
3941	40.0
3942	88.0
3943	140.0
3944	172.0
3945	237.0
3946	318.0
3947	402.0
3948	466.0
3949	468.0
3950	419.0
3951	340.0
3952	234.0
3953	134.0
3954	66.0
3955	24.0
3956	4.0
3957	0.0
3958	0.0
3959	0.0
3960	0.0
3961	0.0
3962	0.0
3963	2.0
3964	13.0
3965	40.0
3966	108.0
3967	196.0
3968	232.0
3969	273.0
3970	324.0
3971	413.0
3972	509.0
3973	554.0
3974	520.0
3975	428.0
3976	326.0
3977	230.0
3978	136.0
3979	52.0
3980	8.0
3981	0.0
3982	0.0
3983	0.0
3984	0.0
3985	0.0
3986	0.0
3987	2.0
3988	25.0
3989	72.0
3990	135.0
3991	224.0
3992	300.0
3993	390.0
3994	486.0
3995	614.0
3996	702.0
3997	677.0
3998	602.0
3999	497.0
4000	344.0
4001	194.0
4002	93.0
4003	36.0
4004	7.0
4005	0.0
4006	0.0
4007	0.0
4008	0.0
4009	0.0
4010	0.0
4011	2.0
4012	33.0
4013	112.0
4014	240.0
4015	437.0
4016	635.0
4017	799.0
4018	886.0
4019	900.0
4020	850.0
4021	748.0
4022	622.0
4023	479.0
4024	319.0
4025	175.0
4026	77.0
4027	24.0
4028	4.0
4029	0.0
4030	0.0
4031	0.0
4032	0.0
4033	0.0
4034	0.0
4035	2.0
4036	13.0
4037	40.0
4038	106.0
4039	199.0
4040	278.0
4041	418.0
4042	590.0
4043	724.0
4044	778.0
4045	749.0
4046	640.0
4047	485.0
4048	336.0
4049	210.0
4050	106.0
4051	38.0
4052	6.0
4053	0.0
4054	0.0
4055	0.0
4056	0.0
4057	0.0
4058	0.0
4059	2.0
4060	22.0
4061	68.0
4062	146.0
4063	236.0
4064	277.0
4065	344.0
4066	415.0
4067	458.0
4068	449.0
4069	408.0
4070	340.0
4071	262.0
4072	200.0
4073	128.0
4074	58.0
4075	18.0
4076	3.0
4077	0.0
4078	0.0
4079	0.0
4080	0.0
4081	0.0
4082	0.0
4083	2.0
4084	24.0
4085	82.0
4086	190.0
4087	346.0
4088	492.0
4089	670.0
4090	830.0
4091	934.0
4092	942.0
4093	842.0
4094	686.0
4095	540.0
4096	414.0
4097	282.0
4098	155.0
4099	59.0
4100	10.0
4101	0.0
4102	0.0
4103	0.0
4104	0.0
4105	0.0
4106	0.0
4107	2.0
4108	11.0
4109	27.0
4110	40.0
4111	54.0
4112	64.0
4113	76.0
4114	84.0
4115	90.0
4116	96.0
4117	91.0
4118	73.0
4119	54.0
4120	40.0
4121	30.0
4122	22.0
4123	12.0
4124	3.0
4125	0.0
4126	0.0
4127	0.0
4128	0.0
4129	0.0
4130	0.0
4131	2.0
4132	18.0
4133	57.0
4134	133.0
4135	227.0
4136	283.0
4137	350.0
4138	407.0
4139	447.0
4140	451.0
4141	381.0
4142	264.0
4143	168.0
4144	105.0
4145	65.0
4146	38.0
4147	16.0
4148	4.0
4149	0.0
4150	0.0
4151	0.0
4152	0.0
4153	0.0
4154	0.0
4155	2.0
4156	31.0
4157	106.0
4158	228.0
4159	389.0
4160	505.0
4161	580.0
4162	626.0
4163	642.0
4164	618.0
4165	577.0
4166	498.0
4167	380.0
4168	270.0
4169	177.0
4170	96.0
4171	36.0
4172	6.0
4173	0.0
4174	0.0
4175	0.0
4176	0.0
4177	0.0
4178	0.0
4179	2.0
4180	29.0
4181	98.0
4182	176.0
4183	270.0
4184	388.0
4185	487.0
4186	489.0
4187	451.0
4188	507.0
4189	656.0
4190	729.0
4191	643.0
4192	456.0
4193	248.0
4194	106.0
4195	36.0
4196	6.0
4197	0.0
4198	0.0
4199	0.0
4200	0.0
4201	0.0
4202	0.0
4203	2.0
4204	18.0
4205	58.0
4206	127.0
4207	206.0
4208	236.0
4209	267.0
4210	301.0
4211	350.0
4212	418.0
4213	487.0
4214	523.0
4215	501.0
4216	414.0
4217	284.0
4218	156.0
4219	60.0
4220	10.0
4221	0.0
4222	0.0
4223	0.0
4224	0.0
4225	0.0
4226	0.0
4227	2.0
4228	30.0
4229	100.0
4230	190.0
4231	290.0
4232	350.0
4233	371.0
4234	331.0
4235	276.0
4236	246.0
4237	236.0
4238	242.0
4239	276.0
4240	284.0
4241	224.0
4242	134.0
4243	52.0
4244	8.0
4245	0.0
4246	0.0
4247	0.0
4248	0.0
4249	0.0
4250	0.0
4251	2.0
4252	30.0
4253	104.0
4254	228.0
4255	394.0
4256	500.0
4257	586.0
4258	679.0
4259	744.0
4260	705.0
4261	639.0
4262	604.0
4263	544.0
4264	433.0
4265	280.0
4266	144.0
4267	55.0
4268	10.0
4269	0.0
4270	0.0
4271	0.0
4272	0.0
4273	0.0
4274	0.0
4275	2.0
4276	13.0
4277	38.0
4278	86.0
4279	137.0
4280	132.0
4281	120.0
4282	111.0
4283	122.0
4284	170.0
4285	255.0
4286	342.0
4287	391.0
4288	374.0
4289	284.0
4290	163.0
4291	62.0
4292	10.0
4293	0.0
4294	0.0
4295	0.0
4296	0.0
4297	0.0
4298	0.0
4299	2.0
4300	26.0
4301	85.0
4302	154.0
4303	252.0
4304	391.0
4305	554.0
4306	701.0
4307	798.0
4308	818.0
4309	766.0
4310	666.0
4311	521.0
4312	362.0
4313	222.0
4314	113.0
4315	40.0
4316	6.0
4317	0.0
4318	0.0
4319	0.0
4320	0.0
4321	0.0
4322	0.0
4323	2.0
4324	16.0
4325	56.0
4326	149.0
4327	293.0
4328	436.0
4329	633.0
4330	816.0
4331	956.0
4332	1006.0
4333	936.0
4334	757.0
4335	510.0
4336	262.0
4337	102.0
4338	36.0
4339	12.0
4340	2.0
4341	0.0
4342	0.0
4343	0.0
4344	0.0
4345	0.0
4346	0.0
4347	1.0
4348	7.0
4349	20.0
4350	46.0
4351	87.0
4352	133.0
4353	165.0
4354	172.0
4355	163.0
4356	146.0
4357	122.0
4358	107.0
4359	98.0
4360	77.0
4361	52.0
4362	32.0
4363	14.0
4364	2.0
4365	0.0
4366	0.0
4367	0.0
4368	0.0
4369	0.0
4370	0.0
4371	1.0
4372	10.0
4373	26.0
4374	40.0
4375	56.0
4376	78.0
4377	100.0
4378	115.0
4379	127.0
4380	138.0
4381	150.0
4382	164.0
4383	169.0
4384	146.0
4385	105.0
4386	58.0
4387	20.0
4388	3.0
4389	0.0
4390	0.0
4391	0.0
4392	0.0
4393	0.0
4394	0.0
4395	1.0
4396	24.0
4397	91.0
4398	199.0
4399	365.0
4400	530.0
4401	630.0
4402	698.0
4403	768.0
4404	772.0
4405	768.0
4406	774.0
4407	691.0
4408	533.0
4409	351.0
4410	186.0
4411	67.0
4412	10.0
4413	0.0
4414	0.0
4415	0.0
4416	0.0
4417	0.0
4418	0.0
4419	1.0
4420	28.0
4421	101.0
4422	228.0
4423	426.0
4424	596.0
4425	732.0
4426	832.0
4427	910.0
4428	944.0
4429	916.0
4430	819.0
4431	664.0
4432	488.0
4433	314.0
4434	166.0
4435	61.0
4436	9.0
4437	0.0
4438	0.0
4439	0.0
4440	0.0
4441	0.0
4442	0.0
4443	1.0
4444	30.0
4445	108.0
4446	221.0
4447	386.0
4448	550.0
4449	724.0
4450	876.0
4451	954.0
4452	964.0
4453	920.0
4454	824.0
4455	676.0
4456	492.0
4457	312.0
4458	163.0
4459	59.0
4460	9.0
4461	0.0
4462	0.0
4463	0.0
4464	0.0
4465	0.0
4466	0.0
4467	1.0
4468	14.0
4469	42.0
4470	65.0
4471	85.0
4472	116.0
4473	178.0
4474	278.0
4475	381.0
4476	462.0
4477	503.0
4478	502.0
4479	458.0
4480	366.0
4481	257.0
4482	152.0
4483	58.0
4484	9.0
4485	0.0
4486	0.0
4487	0.0
4488	0.0
4489	0.0
4490	0.0
4491	0.0
4492	29.0
4493	105.0
4494	232.0
4495	440.0
4496	662.0
4497	869.0
4498	1010.0
4499	1065.0
4500	1053.0
4501	988.0
4502	870.0
4503	698.0
4504	484.0
4505	284.0
4506	145.0
4507	55.0
4508	8.0
4509	0.0
4510	0.0
4511	0.0
4512	0.0
4513	0.0
4514	0.0
4515	0.0
4516	30.0
4517	104.0
4518	226.0
4519	390.0
4520	486.0
4521	584.0
4522	686.0
4523	738.0
4524	732.0
4525	704.0
4526	650.0
4527	554.0
4528	418.0
4529	258.0
4530	126.0
4531	44.0
4532	8.0
4533	0.0
4534	0.0
4535	0.0
4536	0.0
4537	0.0
4538	0.0
4539	0.0
4540	16.0
4541	55.0
4542	117.0
4543	190.0
4544	233.0
4545	281.0
4546	292.0
4547	293.0
4548	310.0
4549	320.0
4550	337.0
4551	362.0
4552	330.0
4553	224.0
4554	111.0
4555	38.0
4556	6.0
4557	0.0
4558	0.0
4559	0.0
4560	0.0
4561	0.0
4562	0.0
4563	0.0
4564	26.0
4565	98.0
4566	220.0
4567	402.0
4568	569.0
4569	716.0
4570	790.0
4571	777.0
4572	640.0
4573	416.0
4574	227.0
4575	157.0
4576	156.0
4577	136.0
4578	88.0
4579	37.0
4580	7.0
4581	0.0
4582	0.0
4583	0.0
4584	0.0
4585	0.0
4586	0.0
4587	0.0
4588	28.0
4589	102.0
4590	227.0
4591	412.0
4592	580.0
4593	748.0
4594	883.0
4595	967.0
4596	978.0
4597	925.0
4598	805.0
4599	609.0
4600	381.0
4601	196.0
4602	86.0
4603	29.0
4604	5.0
4605	0.0
4606	0.0
4607	0.0
4608	0.0
4609	0.0
4610	0.0
4611	0.0
4612	16.0
4613	58.0
4614	145.0
4615	279.0
4616	396.0
4617	530.0
4618	628.0
4619	729.0
4620	813.0
4621	849.0
4622	810.0
4623	675.0
4624	475.0
4625	277.0
4626	136.0
4627	46.0
4628	7.0
4629	0.0
4630	0.0
4631	0.0
4632	0.0
4633	0.0
4634	0.0
4635	0.0
4636	16.0
4637	64.0
4638	182.0
4639	362.0
4640	493.0
4641	638.0
4642	750.0
4643	814.0
4644	832.0
4645	778.0
4646	618.0
4647	457.0
4648	365.0
4649	265.0
4650	142.0
4651	48.0
4652	6.0
4653	0.0
4654	0.0
4655	0.0
4656	0.0
4657	0.0
4658	0.0
4659	0.0
4660	20.0
4661	74.0
4662	139.0
4663	220.0
4664	316.0
4665	404.0
4666	432.0
4667	434.0
4668	444.0
4669	450.0
4670	447.0
4671	434.0
4672	382.0
4673	273.0
4674	148.0
4675	52.0
4676	6.0
4677	0.0
4678	0.0
4679	0.0
4680	0.0
4681	0.0
4682	0.0
4683	0.0
4684	23.0
4685	90.0
4686	203.0
4687	368.0
4688	543.0
4689	722.0
4690	865.0
4691	936.0
4692	922.0
4693	845.0
4694	720.0
4695	553.0
4696	388.0
4697	250.0
4698	136.0
4699	50.0
4700	6.0
4701	0.0
4702	0.0
4703	0.0
4704	0.0
4705	0.0
4706	0.0
4707	0.0
4708	22.0
4709	93.0
4710	206.0
4711	344.0
4712	465.0
4713	611.0
4714	768.0
4715	869.0
4716	870.0
4717	781.0
4718	612.0
4719	431.0
4720	314.0
4721	220.0
4722	121.0
4723	44.0
4724	6.0
4725	0.0
4726	0.0
4727	0.0
4728	0.0
4729	0.0
4730	0.0
4731	0.0
4732	7.0
4733	32.0
4734	119.0
4735	247.0
4736	300.0
4737	353.0
4738	406.0
4739	466.0
4740	508.0
4741	518.0
4742	496.0
4743	447.0
4744	363.0
4745	243.0
4746	122.0
4747	39.0
4748	4.0
4749	0.0
4750	0.0
4751	0.0
4752	0.0
4753	0.0
4754	0.0
4755	0.0
4756	13.0
4757	54.0
4758	156.0
4759	319.0
4760	463.0
4761	603.0
4762	710.0
4763	805.0
4764	844.0
4765	805.0
4766	734.0
4767	630.0
4768	481.0
4769	309.0
4770	156.0
4771	50.0
4772	5.0
4773	0.0
4774	0.0
4775	0.0
4776	0.0
4777	0.0
4778	0.0
4779	0.0
4780	18.0
4781	80.0
4782	211.0
4783	416.0
4784	628.0
4785	838.0
4786	994.0
4787	1070.0
4788	1074.0
4789	1029.0
4790	933.0
4791	780.0
4792	576.0
4793	356.0
4794	176.0
4795	57.0
4796	4.0
4797	0.0
4798	0.0
4799	0.0
4800	0.0
4801	0.0
4802	0.0
4803	0.0
4804	19.0
4805	86.0
4806	220.0
4807	438.0
4808	675.0
4809	888.0
4810	1042.0
4811	1114.0
4812	1109.0
4813	1054.0
4814	944.0
4815	780.0
4816	570.0
4817	352.0
4818	172.0
4819	55.0
4820	4.0
4821	0.0
4822	0.0
4823	0.0
4824	0.0
4825	0.0
4826	0.0
4827	0.0
4828	18.0
4829	83.0
4830	218.0
4831	437.0
4832	676.0
4833	889.0
4834	1038.0
4835	1089.0
4836	1040.0
4837	913.0
4838	718.0
4839	516.0
4840	360.0
4841	220.0
4842	96.0
4843	29.0
4844	4.0
4845	0.0
4846	0.0
4847	0.0
4848	0.0
4849	0.0
4850	0.0
4851	0.0
4852	17.0
4853	80.0
4854	215.0
4855	413.0
4856	606.0
4857	780.0
4858	904.0
4859	966.0
4860	980.0
4861	931.0
4862	818.0
4863	658.0
4864	475.0
4865	294.0
4866	144.0
4867	44.0
4868	3.0
4869	0.0
4870	0.0
4871	0.0
4872	0.0
4873	0.0
4874	0.0
4875	0.0
4876	12.0
4877	58.0
4878	134.0
4879	231.0
4880	376.0
4881	566.0
4882	676.0
4883	714.0
4884	728.0
4885	720.0
4886	665.0
4887	540.0
4888	374.0
4889	222.0
4890	107.0
4891	33.0
4892	2.0
4893	0.0
4894	0.0
4895	0.0
4896	0.0
4897	0.0
4898	0.0
4899	0.0
4900	10.0
4901	44.0
4902	128.0
4903	251.0
4904	365.0
4905	526.0
4906	669.0
4907	763.0
4908	787.0
4909	740.0
4910	628.0
4911	486.0
4912	350.0
4913	220.0
4914	110.0
4915	35.0
4916	3.0
4917	0.0
4918	0.0
4919	0.0
4920	0.0
4921	0.0
4922	0.0
4923	0.0
4924	9.0
4925	41.0
4926	128.0
4927	248.0
4928	334.0
4929	456.0
4930	562.0
4931	634.0
4932	682.0
4933	720.0
4934	715.0
4935	624.0
4936	455.0
4937	268.0
4938	124.0
4939	38.0
4940	2.0
4941	0.0
4942	0.0
4943	0.0
4944	0.0
4945	0.0
4946	0.0
4947	0.0
4948	8.0
4949	34.0
4950	98.0
4951	174.0
4952	198.0
4953	210.0
4954	209.0
4955	218.0
4956	256.0
4957	326.0
4958	402.0
4959	422.0
4960	356.0
4961	242.0
4962	127.0
4963	40.0
4964	2.0
4965	0.0
4966	0.0
4967	0.0
4968	0.0
4969	0.0
4970	0.0
4971	0.0
4972	9.0
4973	64.0
4974	200.0
4975	404.0
4976	639.0
4977	851.0
4978	973.0
4979	975.0
4980	914.0
4981	826.0
4982	704.0
4983	538.0
4984	358.0
4985	214.0
4986	108.0
4987	33.0
4988	2.0
4989	0.0
4990	0.0
4991	0.0
4992	0.0
4993	0.0
4994	0.0
4995	0.0
4996	8.0
4997	54.0
4998	158.0
4999	294.0
5000	452.0
5001	576.0
5002	592.0
5003	512.0
5004	406.0
5005	304.0
5006	208.0
5007	130.0
5008	82.0
5009	50.0
5010	23.0
5011	6.0
5012	1.0
5013	0.0
5014	0.0
5015	0.0
5016	0.0
5017	0.0
5018	0.0
5019	0.0
5020	6.0
5021	35.0
5022	106.0
5023	185.0
5024	215.0
5025	253.0
5026	298.0
5027	342.0
5028	380.0
5029	425.0
5030	460.0
5031	430.0
5032	316.0
5033	180.0
5034	84.0
5035	24.0
5036	2.0
5037	0.0
5038	0.0
5039	0.0
5040	0.0
5041	0.0
5042	0.0
5043	0.0
5044	6.0
5045	38.0
5046	137.0
5047	266.0
5048	344.0
5049	454.0
5050	555.0
5051	637.0
5052	698.0
5053	707.0
5054	642.0
5055	553.0
5056	427.0
5057	252.0
5058	110.0
5059	30.0
5060	2.0
5061	0.0
5062	0.0
5063	0.0
5064	0.0
5065	0.0
5066	0.0
5067	0.0
5068	6.0
5069	43.0
5070	142.0
5071	256.0
5072	348.0
5073	480.0
5074	608.0
5075	702.0
5076	721.0
5077	650.0
5078	531.0
5079	386.0
5080	244.0
5081	136.0
5082	61.0
5083	16.0
5084	1.0
5085	0.0
5086	0.0
5087	0.0
5088	0.0
5089	0.0
5090	0.0
5091	0.0
5092	6.0
5093	32.0
5094	126.0
5095	261.0
5096	374.0
5097	532.0
5098	666.0
5099	759.0
5100	810.0
5101	804.0
5102	748.0
5103	658.0
5104	514.0
5105	317.0
5106	144.0
5107	40.0
5108	1.0
5109	0.0
5110	0.0
5111	0.0
5112	0.0
5113	0.0
5114	0.0
5115	0.0
5116	6.0
5117	42.0
5118	126.0
5119	238.0
5120	376.0
5121	511.0
5122	645.0
5123	766.0
5124	834.0
5125	856.0
5126	809.0
5127	678.0
5128	486.0
5129	279.0
5130	118.0
5131	30.0
5132	1.0
5133	0.0
5134	0.0
5135	0.0
5136	0.0
5137	0.0
5138	0.0
5139	0.0
5140	3.0
5141	14.0
5142	47.0
5143	89.0
5144	105.0
5145	130.0
5146	160.0
5147	186.0
5148	186.0
5149	158.0
5150	122.0
5151	86.0
5152	56.0
5153	32.0
5154	14.0
5155	4.0
5156	0.0
5157	0.0
5158	0.0
5159	0.0
5160	0.0
5161	0.0
5162	0.0
5163	0.0
5164	2.0
5165	10.0
5166	20.0
5167	32.0
5168	44.0
5169	63.0
5170	96.0
5171	156.0
5172	244.0
5173	308.0
5174	288.0
5175	245.0
5176	211.0
5177	154.0
5178	83.0
5179	25.0
5180	0.0
5181	0.0
5182	0.0
5183	0.0
5184	0.0
5185	0.0
5186	0.0
5187	0.0
5188	4.0
5189	43.0
5190	149.0
5191	272.0
5192	374.0
5193	493.0
5194	578.0
5195	654.0
5196	733.0
5197	778.0
5198	748.0
5199	632.0
5200	456.0
5201	268.0
5202	117.0
5203	30.0
5204	0.0
5205	0.0
5206	0.0
5207	0.0
5208	0.0
5209	0.0
5210	0.0
5211	0.0
5212	4.0
5213	43.0
5214	177.0
5215	367.0
5216	524.0
5217	699.0
5218	840.0
5219	919.0
5220	943.0
5221	922.0
5222	834.0
5223	674.0
5224	470.0
5225	267.0
5226	112.0
5227	27.0
5228	0.0
5229	0.0
5230	0.0
5231	0.0
5232	0.0
5233	0.0
5234	0.0
5235	0.0
5236	4.0
5237	34.0
5238	112.0
5239	188.0
5240	252.0
5241	376.0
5242	545.0
5243	699.0
5244	796.0
5245	831.0
5246	795.0
5247	693.0
5248	524.0
5249	312.0
5250	132.0
5251	31.0
5252	0.0
5253	0.0
5254	0.0
5255	0.0
5256	0.0
5257	0.0
5258	0.0
5259	0.0
5260	4.0
5261	48.0
5262	184.0
5263	361.0
5264	486.0
5265	515.0
5266	443.0
5267	340.0
5268	283.0
5269	301.0
5270	366.0
5271	384.0
5272	301.0
5273	170.0
5274	65.0
5275	13.0
5276	0.0
5277	0.0
5278	0.0
5279	0.0
5280	0.0
5281	0.0
5282	0.0
5283	0.0
5284	3.0
5285	21.0
5286	74.0
5287	196.0
5288	405.0
5289	647.0
5290	837.0
5291	903.0
5292	866.0
5293	784.0
5294	676.0
5295	545.0
5296	392.0
5297	224.0
5298	90.0
5299	19.0
5300	0.0
5301	0.0
5302	0.0
5303	0.0
5304	0.0
5305	0.0
5306	0.0
5307	0.0
5308	2.0
5309	34.0
5310	140.0
5311	290.0
5312	430.0
5313	558.0
5314	674.0
5315	803.0
5316	888.0
5317	877.0
5318	792.0
5319	641.0
5320	443.0
5321	247.0
5322	96.0
5323	18.0
5324	0.0
5325	0.0
5326	0.0
5327	0.0
5328	0.0
5329	0.0
5330	0.0
5331	0.0
5332	2.0
5333	40.0
5334	158.0
5335	346.0
5336	572.0
5337	766.0
5338	890.0
5339	955.0
5340	986.0
5341	940.0
5342	794.0
5343	628.0
5344	456.0
5345	264.0
5346	106.0
5347	20.0
5348	0.0
5349	0.0
5350	0.0
5351	0.0
5352	0.0
5353	0.0
5354	0.0
5355	0.0
5356	2.0
5357	14.0
5358	34.0
5359	52.0
5360	67.0
5361	78.0
5362	86.0
5363	92.0
5364	91.0
5365	83.0
5366	71.0
5367	56.0
5368	38.0
5369	22.0
5370	8.0
5371	2.0
5372	0.0
5373	0.0
5374	0.0
5375	0.0
5376	0.0
5377	0.0
5378	0.0
5379	0.0
5380	2.0
5381	16.0
5382	51.0
5383	96.0
5384	151.0
5385	221.0
5386	300.0
5387	362.0
5388	376.0
5389	358.0
5390	341.0
5391	323.0
5392	276.0
5393	189.0
5394	82.0
5395	13.0
5396	0.0
5397	0.0
5398	0.0
5399	0.0
5400	0.0
5401	0.0
5402	0.0
5403	0.0
5404	2.0
5405	32.0
5406	111.0
5407	212.0
5408	324.0
5409	404.0
5410	425.0
5411	396.0
5412	350.0
5413	300.0
5414	240.0
5415	186.0
5416	147.0
5417	102.0
5418	48.0
5419	9.0
5420	0.0
5421	0.0
5422	0.0
5423	0.0
5424	0.0
5425	0.0
5426	0.0
5427	0.0
5428	1.0
5429	31.0
5430	115.0
5431	233.0
5432	394.0
5433	583.0
5434	757.0
5435	868.0
5436	903.0
5437	870.0
5438	772.0
5439	615.0
5440	425.0
5441	234.0
5442	84.0
5443	11.0
5444	0.0
5445	0.0
5446	0.0
5447	0.0
5448	0.0
5449	0.0
5450	0.0
5451	0.0
5452	1.0
5453	35.0
5454	164.0
5455	376.0
5456	587.0
5457	727.0
5458	752.0
5459	750.0
5460	762.0
5461	742.0
5462	666.0
5463	536.0
5464	373.0
5465	211.0
5466	79.0
5467	10.0
5468	0.0
5469	0.0
5470	0.0
5471	0.0
5472	0.0
5473	0.0
5474	0.0
5475	0.0
5476	1.0
5477	36.0
5478	176.0
5479	396.0
5480	602.0
5481	777.0
5482	882.0
5483	917.0
5484	915.0
5485	881.0
5486	789.0
5487	633.0
5488	434.0
5489	235.0
5490	84.0
5491	10.0
5492	0.0
5493	0.0
5494	0.0
5495	0.0
5496	0.0
5497	0.0
5498	0.0
5499	0.0
5500	1.0
5501	38.0
5502	175.0
5503	412.0
5504	684.0
5505	912.0
5506	1076.0
5507	1164.0
5508	1171.0
5509	1108.0
5510	982.0
5511	794.0
5512	550.0
5513	293.0
5514	98.0
5515	9.0
5516	0.0
5517	0.0
5518	0.0
5519	0.0
5520	0.0
5521	0.0
5522	0.0
5523	0.0
5524	0.0
5525	38.0
5526	180.0
5527	418.0
5528	666.0
5529	856.0
5530	986.0
5531	1056.0
5532	1051.0
5533	975.0
5534	850.0
5535	679.0
5536	470.0
5537	253.0
5538	84.0
5539	8.0
5540	0.0
5541	0.0
5542	0.0
5543	0.0
5544	0.0
5545	0.0
5546	0.0
5547	0.0
5548	0.0
5549	31.0
5550	134.0
5551	277.0
5552	405.0
5553	497.0
5554	564.0
5555	584.0
5556	530.0
5557	420.0
5558	276.0
5559	146.0
5560	68.0
5561	30.0
5562	10.0
5563	2.0
5564	0.0
5565	0.0
5566	0.0
5567	0.0
5568	0.0
5569	0.0
5570	0.0
5571	0.0
5572	0.0
5573	28.0
5574	127.0
5575	246.0
5576	365.0
5577	578.0
5578	790.0
5579	920.0
5580	975.0
5581	952.0
5582	834.0
5583	652.0
5584	443.0
5585	232.0
5586	73.0
5587	6.0
5588	0.0
5589	0.0
5590	0.0
5591	0.0
5592	0.0
5593	0.0
5594	0.0
5595	0.0
5596	0.0
5597	12.0
5598	44.0
5599	92.0
5600	172.0
5601	292.0
5602	385.0
5603	396.0
5604	402.0
5605	451.0
5606	447.0
5607	356.0
5608	246.0
5609	138.0
5610	48.0
5611	6.0
5612	0.0
5613	0.0
5614	0.0
5615	0.0
5616	0.0
5617	0.0
5618	0.0
5619	0.0
5620	0.0
5621	4.0
5622	16.0
5623	34.0
5624	58.0
5625	80.0
5626	100.0
5627	114.0
5628	128.0
5629	146.0
5630	174.0
5631	196.0
5632	175.0
5633	109.0
5634	40.0
5635	4.0
5636	0.0
5637	0.0
5638	0.0
5639	0.0
5640	0.0
5641	0.0
5642	0.0
5643	0.0
5644	0.0
5645	30.0
5646	162.0
5647	384.0
5648	617.0
5649	841.0
5650	988.0
5651	1046.0
5652	1048.0
5653	988.0
5654	864.0
5655	686.0
5656	464.0
5657	236.0
5658	70.0
5659	4.0
5660	0.0
5661	0.0
5662	0.0
5663	0.0
5664	0.0
5665	0.0
5666	0.0
5667	0.0
5668	0.0
5669	32.0
5670	172.0
5671	426.0
5672	694.0
5673	920.0
5674	1066.0
5675	1112.0
5676	1098.0
5677	1029.0
5678	899.0
5679	710.0
5680	476.0
5681	238.0
5682	68.0
5683	2.0
5684	0.0
5685	0.0
5686	0.0
5687	0.0
5688	0.0
5689	0.0
5690	0.0
5691	0.0
5692	0.0
5693	31.0
5694	171.0
5695	426.0
5696	694.0
5697	918.0
5698	1069.0
5699	1126.0
5700	1111.0
5701	1041.0
5702	911.0
5703	720.0
5704	481.0
5705	238.0
5706	66.0
5707	2.0
5708	0.0
5709	0.0
5710	0.0
5711	0.0
5712	0.0
5713	0.0
5714	0.0
5715	0.0
5716	0.0
5717	30.0
5718	169.0
5719	408.0
5720	610.0
5721	738.0
5722	832.0
5723	881.0
5724	866.0
5725	826.0
5726	756.0
5727	619.0
5728	414.0
5729	198.0
5730	53.0
5731	2.0
5732	0.0
5733	0.0
5734	0.0
5735	0.0
5736	0.0
5737	0.0
5738	0.0
5739	0.0
5740	0.0
5741	28.0
5742	168.0
5743	423.0
5744	688.0
5745	904.0
5746	1028.0
5747	1069.0
5748	1045.0
5749	955.0
5750	806.0
5751	606.0
5752	387.0
5753	188.0
5754	52.0
5755	2.0
5756	0.0
5757	0.0
5758	0.0
5759	0.0
5760	0.0
5761	0.0
5762	0.0
5763	0.0
5764	0.0
5765	21.0
5766	94.0
5767	197.0
5768	328.0
5769	475.0
5770	536.0
5771	531.0
5772	578.0
5773	641.0
5774	608.0
5775	463.0
5776	280.0
5777	129.0
5778	36.0
5779	2.0
5780	0.0
5781	0.0
5782	0.0
5783	0.0
5784	0.0
5785	0.0
5786	0.0
5787	0.0
5788	0.0
5789	18.0
5790	112.0
5791	286.0
5792	456.0
5793	603.0
5794	729.0
5795	819.0
5796	849.0
5797	814.0
5798	726.0
5799	583.0
5800	391.0
5801	190.0
5802	50.0
5803	1.0
5804	0.0
5805	0.0
5806	0.0
5807	0.0
5808	0.0
5809	0.0
5810	0.0
5811	0.0
5812	0.0
5813	22.0
5814	156.0
5815	424.0
5816	693.0
5817	906.0
5818	1032.0
5819	1072.0
5820	1040.0
5821	948.0
5822	807.0
5823	622.0
5824	403.0
5825	191.0
5826	50.0
5827	1.0
5828	0.0
5829	0.0
5830	0.0
5831	0.0
5832	0.0
5833	0.0
5834	0.0
5835	0.0
5836	0.0
5837	20.0
5838	152.0
5839	426.0
5840	694.0
5841	913.0
5842	1048.0
5843	1086.0
5844	1040.0
5845	922.0
5846	766.0
5847	586.0
5848	373.0
5849	172.0
5850	44.0
5851	1.0
5852	0.0
5853	0.0
5854	0.0
5855	0.0
5856	0.0
5857	0.0
5858	0.0
5859	0.0
5860	0.0
5861	16.0
5862	82.0
5863	192.0
5864	304.0
5865	430.0
5866	573.0
5867	700.0
5868	766.0
5869	755.0
5870	686.0
5871	560.0
5872	372.0
5873	174.0
5874	43.0
5875	0.0
5876	0.0
5877	0.0
5878	0.0
5879	0.0
5880	0.0
5881	0.0
5882	0.0
5883	0.0
5884	0.0
5885	16.0
5886	148.0
5887	378.0
5888	526.0
5889	648.0
5890	695.0
5891	662.0
5892	576.0
5893	447.0
5894	296.0
5895	162.0
5896	72.0
5897	29.0
5898	8.0
5899	0.0
5900	0.0
5901	0.0
5902	0.0
5903	0.0
5904	0.0
5905	0.0
5906	0.0
5907	0.0
5908	0.0
5909	9.0
5910	45.0
5911	129.0
5912	282.0
5913	476.0
5914	652.0
5915	804.0
5916	892.0
5917	864.0
5918	740.0
5919	542.0
5920	297.0
5921	113.0
5922	26.0
5923	0.0
5924	0.0
5925	0.0
5926	0.0
5927	0.0
5928	0.0
5929	0.0
5930	0.0
5931	0.0
5932	0.0
5933	6.0
5934	34.0
5935	114.0
5936	262.0
5937	416.0
5938	547.0
5939	604.0
5940	587.0
5941	551.0
5942	492.0
5943	393.0
5944	238.0
5945	90.0
5946	18.0
5947	0.0
5948	0.0
5949	0.0
5950	0.0
5951	0.0
5952	0.0
5953	0.0
5954	0.0
5955	0.0
5956	0.0
5957	12.0
5958	77.0
5959	204.0
5960	359.0
5961	542.0
5962	714.0
5963	814.0
5964	832.0
5965	792.0
5966	694.0
5967	539.0
5968	346.0
5969	156.0
5970	34.0
5971	0.0
5972	0.0
5973	0.0
5974	0.0
5975	0.0
5976	0.0
5977	0.0
5978	0.0
5979	0.0
5980	0.0
5981	12.0
5982	90.0
5983	240.0
5984	368.0
5985	469.0
5986	536.0
5987	558.0
5988	540.0
5989	490.0
5990	410.0
5991	306.0
5992	190.0
5993	86.0
5994	19.0
5995	0.0
5996	0.0
5997	0.0
5998	0.0
5999	0.0
6000	0.0
6001	0.0
6002	0.0
6003	0.0
6004	0.0
6005	11.0
6006	137.0
6007	422.0
6008	695.0
6009	924.0
6010	1071.0
6011	1118.0
6012	1099.0
6013	1022.0
6014	882.0
6015	676.0
6016	421.0
6017	175.0
6018	32.0
6019	0.0
6020	0.0
6021	0.0
6022	0.0
6023	0.0
6024	0.0
6025	0.0
6026	0.0
6027	0.0
6028	0.0
6029	10.0
6030	138.0
6031	424.0
6032	690.0
6033	917.0
6034	1062.0
6035	1104.0
6036	1070.0
6037	969.0
6038	818.0
6039	620.0
6040	381.0
6041	155.0
6042	28.0
6043	0.0
6044	0.0
6045	0.0
6046	0.0
6047	0.0
6048	0.0
6049	0.0
6050	0.0
6051	0.0
6052	0.0
6053	10.0
6054	121.0
6055	334.0
6056	502.0
6057	686.0
6058	835.0
6059	936.0
6060	949.0
6061	855.0
6062	702.0
6063	520.0
6064	316.0
6065	130.0
6066	24.0
6067	0.0
6068	0.0
6069	0.0
6070	0.0
6071	0.0
6072	0.0
6073	0.0
6074	0.0
6075	0.0
6076	0.0
6077	10.0
6078	137.0
6079	430.0
6080	704.0
6081	930.0
6082	1081.0
6083	1122.0
6084	1068.0
6085	955.0
6086	778.0
6087	548.0
6088	306.0
6089	116.0
6090	20.0
6091	0.0
6092	0.0
6093	0.0
6094	0.0
6095	0.0
6096	0.0
6097	0.0
6098	0.0
6099	0.0
6100	0.0
6101	6.0
6102	32.0
6103	80.0
6104	146.0
6105	219.0
6106	272.0
6107	300.0
6108	296.0
6109	261.0
6110	207.0
6111	144.0
6112	87.0
6113	38.0
6114	8.0
6115	0.0
6116	0.0
6117	0.0
6118	0.0
6119	0.0
6120	0.0
6121	0.0
6122	0.0
6123	0.0
6124	0.0
6125	9.0
6126	110.0
6127	325.0
6128	519.0
6129	714.0
6130	880.0
6131	980.0
6132	994.0
6133	904.0
6134	736.0
6135	526.0
6136	309.0
6137	124.0
6138	22.0
6139	0.0
6140	0.0
6141	0.0
6142	0.0
6143	0.0
6144	0.0
6145	0.0
6146	0.0
6147	0.0
6148	0.0
6149	8.0
6150	135.0
6151	430.0
6152	696.0
6153	900.0
6154	1016.0
6155	1056.0
6156	1039.0
6157	960.0
6158	817.0
6159	612.0
6160	362.0
6161	137.0
6162	21.0
6163	0.0
6164	0.0
6165	0.0
6166	0.0
6167	0.0
6168	0.0
6169	0.0
6170	0.0
6171	0.0
6172	0.0
6173	8.0
6174	133.0
6175	431.0
6176	704.0
6177	929.0
6178	1058.0
6179	1081.0
6180	1059.0
6181	978.0
6182	832.0
6183	622.0
6184	366.0
6185	136.0
6186	20.0
6187	0.0
6188	0.0
6189	0.0
6190	0.0
6191	0.0
6192	0.0
6193	0.0
6194	0.0
6195	0.0
6196	0.0
6197	6.0
6198	131.0
6199	431.0
6200	704.0
6201	930.0
6202	1067.0
6203	1096.0
6204	1068.0
6205	978.0
6206	821.0
6207	603.0
6208	346.0
6209	125.0
6210	18.0
6211	0.0
6212	0.0
6213	0.0
6214	0.0
6215	0.0
6216	0.0
6217	0.0
6218	0.0
6219	0.0
6220	0.0
6221	4.0
6222	42.0
6223	134.0
6224	242.0
6225	350.0
6226	452.0
6227	540.0
6228	610.0
6229	623.0
6230	542.0
6231	390.0
6232	212.0
6233	76.0
6234	14.0
6235	0.0
6236	0.0
6237	0.0
6238	0.0
6239	0.0
6240	0.0
6241	0.0
6242	0.0
6243	0.0
6244	0.0
6245	4.0
6246	62.0
6247	197.0
6248	337.0
6249	507.0
6250	652.0
6251	710.0
6252	688.0
6253	594.0
6254	448.0
6255	297.0
6256	158.0
6257	54.0
6258	9.0
6259	0.0
6260	0.0
6261	0.0
6262	0.0
6263	0.0
6264	0.0
6265	0.0
6266	0.0
6267	0.0
6268	0.0
6269	3.0
6270	71.0
6271	231.0
6272	380.0
6273	510.0
6274	584.0
6275	612.0
6276	597.0
6277	536.0
6278	440.0
6279	310.0
6280	169.0
6281	60.0
6282	9.0
6283	0.0
6284	0.0
6285	0.0
6286	0.0
6287	0.0
6288	0.0
6289	0.0
6290	0.0
6291	0.0
6292	0.0
6293	2.0
6294	64.0
6295	171.0
6296	250.0
6297	403.0
6298	490.0
6299	468.0
6300	405.0
6301	342.0
6302	271.0
6303	183.0
6304	96.0
6305	34.0
6306	4.0
6307	0.0
6308	0.0
6309	0.0
6310	0.0
6311	0.0
6312	0.0
6313	0.0
6314	0.0
6315	0.0
6316	0.0
6317	2.0
6318	88.0
6319	255.0
6320	364.0
6321	512.0
6322	604.0
6323	639.0
6324	619.0
6325	554.0
6326	445.0
6327	296.0
6328	150.0
6329	48.0
6330	4.0
6331	0.0
6332	0.0
6333	0.0
6334	0.0
6335	0.0
6336	0.0
6337	0.0
6338	0.0
6339	0.0
6340	0.0
6341	2.0
6342	66.0
6343	226.0
6344	370.0
6345	503.0
6346	624.0
6347	728.0
6348	774.0
6349	735.0
6350	612.0
6351	430.0
6352	234.0
6353	74.0
6354	3.0
6355	0.0
6356	0.0
6357	0.0
6358	0.0
6359	0.0
6360	0.0
6361	0.0
6362	0.0
6363	0.0
6364	0.0
6365	2.0
6366	123.0
6367	395.0
6368	574.0
6369	690.0
6370	712.0
6371	676.0
6372	605.0
6373	496.0
6374	372.0
6375	257.0
6376	143.0
6377	47.0
6378	2.0
6379	0.0
6380	0.0
6381	0.0
6382	0.0
6383	0.0
6384	0.0
6385	0.0
6386	0.0
6387	0.0
6388	0.0
6389	1.0
6390	71.0
6391	238.0
6392	402.0
6393	614.0
6394	809.0
6395	912.0
6396	902.0
6397	797.0
6398	637.0
6399	455.0
6400	252.0
6401	78.0
6402	2.0
6403	0.0
6404	0.0
6405	0.0
6406	0.0
6407	0.0
6408	0.0
6409	0.0
6410	0.0
6411	0.0
6412	0.0
6413	1.0
6414	118.0
6415	410.0
6416	661.0
6417	850.0
6418	958.0
6419	988.0
6420	961.0
6421	888.0
6422	759.0
6423	553.0
6424	298.0
6425	88.0
6426	2.0
6427	0.0
6428	0.0
6429	0.0
6430	0.0
6431	0.0
6432	0.0
6433	0.0
6434	0.0
6435	0.0
6436	0.0
6437	1.0
6438	122.0
6439	430.0
6440	702.0
6441	928.0
6442	1064.0
6443	1074.0
6444	984.0
6445	803.0
6446	546.0
6447	281.0
6448	100.0
6449	21.0
6450	0.0
6451	0.0
6452	0.0
6453	0.0
6454	0.0
6455	0.0
6456	0.0
6457	0.0
6458	0.0
6459	0.0
6460	0.0
6461	0.0
6462	122.0
6463	385.0
6464	543.0
6465	640.0
6466	649.0
6467	630.0
6468	602.0
6469	512.0
6470	363.0
6471	212.0
6472	98.0
6473	27.0
6474	1.0
6475	0.0
6476	0.0
6477	0.0
6478	0.0
6479	0.0
6480	0.0
6481	0.0
6482	0.0
6483	0.0
6484	0.0
6485	0.0
6486	122.0
6487	416.0
6488	676.0
6489	921.0
6490	1074.0
6491	1115.0
6492	1064.0
6493	952.0
6494	756.0
6495	478.0
6496	207.0
6497	50.0
6498	0.0
6499	0.0
6500	0.0
6501	0.0
6502	0.0
6503	0.0
6504	0.0
6505	0.0
6506	0.0
6507	0.0
6508	0.0
6509	0.0
6510	54.0
6511	202.0
6512	379.0
6513	549.0
6514	591.0
6515	500.0
6516	381.0
6517	319.0
6518	297.0
6519	238.0
6520	128.0
6521	35.0
6522	0.0
6523	0.0
6524	0.0
6525	0.0
6526	0.0
6527	0.0
6528	0.0
6529	0.0
6530	0.0
6531	0.0
6532	0.0
6533	0.0
6534	38.0
6535	104.0
6536	122.0
6537	150.0
6538	180.0
6539	181.0
6540	152.0
6541	120.0
6542	88.0
6543	54.0
6544	28.0
6545	9.0
6546	0.0
6547	0.0
6548	0.0
6549	0.0
6550	0.0
6551	0.0
6552	0.0
6553	0.0
6554	0.0
6555	0.0
6556	0.0
6557	0.0
6558	69.0
6559	204.0
6560	334.0
6561	590.0
6562	814.0
6563	903.0
6564	882.0
6565	810.0
6566	678.0
6567	464.0
6568	221.0
6569	52.0
6570	0.0
6571	0.0
6572	0.0
6573	0.0
6574	0.0
6575	0.0
6576	0.0
6577	0.0
6578	0.0
6579	0.0
6580	0.0
6581	0.0
6582	81.0
6583	225.0
6584	266.0
6585	323.0
6586	350.0
6587	350.0
6588	333.0
6589	315.0
6590	302.0
6591	244.0
6592	131.0
6593	37.0
6594	0.0
6595	0.0
6596	0.0
6597	0.0
6598	0.0
6599	0.0
6600	0.0
6601	0.0
6602	0.0
6603	0.0
6604	0.0
6605	0.0
6606	60.0
6607	162.0
6608	201.0
6609	281.0
6610	319.0
6611	309.0
6612	286.0
6613	248.0
6614	224.0
6615	190.0
6616	101.0
6617	25.0
6618	0.0
6619	0.0
6620	0.0
6621	0.0
6622	0.0
6623	0.0
6624	0.0
6625	0.0
6626	0.0
6627	0.0
6628	0.0
6629	0.0
6630	48.0
6631	202.0
6632	399.0
6633	580.0
6634	724.0
6635	826.0
6636	830.0
6637	729.0
6638	568.0
6639	374.0
6640	178.0
6641	46.0
6642	0.0
6643	0.0
6644	0.0
6645	0.0
6646	0.0
6647	0.0
6648	0.0
6649	0.0
6650	0.0
6651	0.0
6652	0.0
6653	0.0
6654	54.0
6655	181.0
6656	291.0
6657	407.0
6658	491.0
6659	562.0
6660	644.0
6661	655.0
6662	538.0
6663	351.0
6664	169.0
6665	47.0
6666	0.0
6667	0.0
6668	0.0
6669	0.0
6670	0.0
6671	0.0
6672	0.0
6673	0.0
6674	0.0
6675	0.0
6676	0.0
6677	0.0
6678	57.0
6679	318.0
6680	684.0
6681	894.0
6682	1014.0
6683	1004.0
6684	925.0
6685	814.0
6686	635.0
6687	409.0
6688	190.0
6689	46.0
6690	0.0
6691	0.0
6692	0.0
6693	0.0
6694	0.0
6695	0.0
6696	0.0
6697	0.0
6698	0.0
6699	0.0
6700	0.0
6701	0.0
6702	0.0
6703	0.0
6704	0.0
6705	0.0
6706	0.0
6707	0.0
6708	0.0
6709	0.0
6710	0.0
6711	0.0
6712	0.0
6713	0.0
6714	0.0
6715	0.0
6716	0.0
6717	0.0
6718	0.0
6719	0.0
6720	0.0
6721	0.0
6722	0.0
6723	0.0
6724	0.0
6725	0.0
6726	32.0
6727	112.0
6728	176.0
6729	224.0
6730	260.0
6731	270.0
6732	246.0
6733	208.0
6734	172.0
6735	126.0
6736	70.0
6737	22.0
6738	0.0
6739	0.0
6740	0.0
6741	0.0
6742	0.0
6743	0.0
6744	0.0
6745	0.0
6746	0.0
6747	0.0
6748	0.0
6749	0.0
6750	0.0
6751	0.0
6752	0.0
6753	0.0
6754	0.0
6755	0.0
6756	0.0
6757	0.0
6758	0.0
6759	0.0
6760	0.0
6761	0.0
6762	0.0
6763	0.0
6764	0.0
6765	0.0
6766	0.0
6767	0.0
6768	0.0
6769	0.0
6770	0.0
6771	0.0
6772	0.0
6773	0.0
6774	0.0
6775	0.0
6776	0.0
6777	0.0
6778	0.0
6779	0.0
6780	0.0
6781	0.0
6782	0.0
6783	0.0
6784	0.0
6785	0.0
6786	0.0
6787	0.0
6788	0.0
6789	0.0
6790	0.0
6791	0.0
6792	0.0
6793	0.0
6794	0.0
6795	0.0
6796	0.0
6797	0.0
6798	28.0
6799	108.0
6800	209.0
6801	332.0
6802	481.0
6803	637.0
6804	735.0
6805	717.0
6806	585.0
6807	375.0
6808	161.0
6809	31.0
6810	0.0
6811	0.0
6812	0.0
6813	0.0
6814	0.0
6815	0.0
6816	0.0
6817	0.0
6818	0.0
6819	0.0
6820	0.0
6821	0.0
6822	21.0
6823	106.0
6824	198.0
6825	212.0
6826	217.0
6827	212.0
6828	200.0
6829	180.0
6830	145.0
6831	91.0
6832	41.0
6833	12.0
6834	0.0
6835	0.0
6836	0.0
6837	0.0
6838	0.0
6839	0.0
6840	0.0
6841	0.0
6842	0.0
6843	0.0
6844	0.0
6845	0.0
6846	22.0
6847	87.0
6848	165.0
6849	249.0
6850	311.0
6851	346.0
6852	350.0
6853	315.0
6854	237.0
6855	142.0
6856	62.0
6857	16.0
6858	0.0
6859	0.0
6860	0.0
6861	0.0
6862	0.0
6863	0.0
6864	0.0
6865	0.0
6866	0.0
6867	0.0
6868	0.0
6869	0.0
6870	26.0
6871	105.0
6872	192.0
6873	259.0
6874	323.0
6875	367.0
6876	366.0
6877	332.0
6878	281.0
6879	196.0
6880	87.0
6881	17.0
6882	0.0
6883	0.0
6884	0.0
6885	0.0
6886	0.0
6887	0.0
6888	0.0
6889	0.0
6890	0.0
6891	0.0
6892	0.0
6893	0.0
6894	17.0
6895	62.0
6896	125.0
6897	226.0
6898	310.0
6899	328.0
6900	280.0
6901	198.0
6902	117.0
6903	55.0
6904	18.0
6905	3.0
6906	0.0
6907	0.0
6908	0.0
6909	0.0
6910	0.0
6911	0.0
6912	0.0
6913	0.0
6914	0.0
6915	0.0
6916	0.0
6917	0.0
6918	16.0
6919	42.0
6920	44.0
6921	67.0
6922	112.0
6923	183.0
6924	268.0
6925	324.0
6926	307.0
6927	207.0
6928	79.0
6929	6.0
6930	0.0
6931	0.0
6932	0.0
6933	0.0
6934	0.0
6935	0.0
6936	0.0
6937	0.0
6938	0.0
6939	0.0
6940	0.0
6941	0.0
6942	21.0
6943	176.0
6944	447.0
6945	610.0
6946	691.0
6947	720.0
6948	706.0
6949	616.0
6950	451.0
6951	249.0
6952	82.0
6953	5.0
6954	0.0
6955	0.0
6956	0.0
6957	0.0
6958	0.0
6959	0.0
6960	0.0
6961	0.0
6962	0.0
6963	0.0
6964	0.0
6965	0.0
6966	19.0
6967	101.0
6968	220.0
6969	294.0
6970	310.0
6971	288.0
6972	275.0
6973	280.0
6974	255.0
6975	166.0
6976	60.0
6977	4.0
6978	0.0
6979	0.0
6980	0.0
6981	0.0
6982	0.0
6983	0.0
6984	0.0
6985	0.0
6986	0.0
6987	0.0
6988	0.0
6989	0.0
6990	14.0
6991	122.0
6992	290.0
6993	326.0
6994	267.0
6995	162.0
6996	90.0
6997	60.0
6998	58.0
6999	74.0
7000	52.0
7001	2.0
7002	0.0
7003	0.0
7004	0.0
7005	0.0
7006	0.0
7007	0.0
7008	0.0
7009	0.0
7010	0.0
7011	0.0
7012	0.0
7013	0.0
7014	8.0
7015	38.0
7016	102.0
7017	228.0
7018	350.0
7019	367.0
7020	364.0
7021	368.0
7022	310.0
7023	192.0
7024	68.0
7025	2.0
7026	0.0
7027	0.0
7028	0.0
7029	0.0
7030	0.0
7031	0.0
7032	0.0
7033	0.0
7034	0.0
7035	0.0
7036	0.0
7037	0.0
7038	6.0
7039	54.0
7040	147.0
7041	220.0
7042	261.0
7043	235.0
7044	179.0
7045	145.0
7046	134.0
7047	108.0
7048	50.0
7049	2.0
7050	0.0
7051	0.0
7052	0.0
7053	0.0
7054	0.0
7055	0.0
7056	0.0
7057	0.0
7058	0.0
7059	0.0
7060	0.0
7061	0.0
7062	5.0
7063	83.0
7064	229.0
7065	304.0
7066	366.0
7067	402.0
7068	395.0
7069	335.0
7070	230.0
7071	114.0
7072	33.0
7073	2.0
7074	0.0
7075	0.0
7076	0.0
7077	0.0
7078	0.0
7079	0.0
7080	0.0
7081	0.0
7082	0.0
7083	0.0
7084	0.0
7085	0.0
7086	3.0
7087	73.0
7088	217.0
7089	312.0
7090	404.0
7091	490.0
7092	548.0
7093	529.0
7094	411.0
7095	238.0
7096	78.0
7097	2.0
7098	0.0
7099	0.0
7100	0.0
7101	0.0
7102	0.0
7103	0.0
7104	0.0
7105	0.0
7106	0.0
7107	0.0
7108	0.0
7109	0.0
7110	2.0
7111	53.0
7112	156.0
7113	228.0
7114	308.0
7115	378.0
7116	419.0
7117	395.0
7118	301.0
7119	172.0
7120	55.0
7121	1.0
7122	0.0
7123	0.0
7124	0.0
7125	0.0
7126	0.0
7127	0.0
7128	0.0
7129	0.0
7130	0.0
7131	0.0
7132	0.0
7133	0.0
7134	2.0
7135	34.0
7136	106.0
7137	175.0
7138	229.0
7139	252.0
7140	238.0
7141	173.0
7142	96.0
7143	40.0
7144	10.0
7145	0.0
7146	0.0
7147	0.0
7148	0.0
7149	0.0
7150	0.0
7151	0.0
7152	0.0
7153	0.0
7154	0.0
7155	0.0
7156	0.0
7157	0.0
7158	2.0
7159	30.0
7160	93.0
7161	155.0
7162	205.0
7163	228.0
7164	227.0
7165	198.0
7166	142.0
7167	75.0
7168	22.0
7169	0.0
7170	0.0
7171	0.0
7172	0.0
7173	0.0
7174	0.0
7175	0.0
7176	0.0
7177	0.0
7178	0.0
7179	0.0
7180	0.0
7181	0.0
7182	2.0
7183	72.0
7184	201.0
7185	249.0
7186	304.0
7187	350.0
7188	348.0
7189	274.0
7190	164.0
7191	71.0
7192	18.0
7193	0.0
7194	0.0
7195	0.0
7196	0.0
7197	0.0
7198	0.0
7199	0.0
7200	0.0
7201	0.0
7202	0.0
7203	0.0
7204	0.0
7205	0.0
7206	2.0
7207	61.0
7208	174.0
7209	230.0
7210	297.0
7211	337.0
7212	324.0
7213	273.0
7214	200.0
7215	106.0
7216	29.0
7217	0.0
7218	0.0
7219	0.0
7220	0.0
7221	0.0
7222	0.0
7223	0.0
7224	0.0
7225	0.0
7226	0.0
7227	0.0
7228	0.0
7229	0.0
7230	1.0
7231	16.0
7232	48.0
7233	72.0
7234	85.0
7235	89.0
7236	87.0
7237	74.0
7238	50.0
7239	26.0
7240	8.0
7241	0.0
7242	0.0
7243	0.0
7244	0.0
7245	0.0
7246	0.0
7247	0.0
7248	0.0
7249	0.0
7250	0.0
7251	0.0
7252	0.0
7253	0.0
7254	1.0
7255	66.0
7256	212.0
7257	314.0
7258	410.0
7259	478.0
7260	492.0
7261	416.0
7262	276.0
7263	138.0
7264	38.0
7265	0.0
7266	0.0
7267	0.0
7268	0.0
7269	0.0
7270	0.0
7271	0.0
7272	0.0
7273	0.0
7274	0.0
7275	0.0
7276	0.0
7277	0.0
7278	0.0
7279	77.0
7280	232.0
7281	310.0
7282	369.0
7283	385.0
7284	355.0
7285	299.0
7286	218.0
7287	118.0
7288	35.0
7289	0.0
7290	0.0
7291	0.0
7292	0.0
7293	0.0
7294	0.0
7295	0.0
7296	0.0
7297	0.0
7298	0.0
7299	0.0
7300	0.0
7301	0.0
7302	0.0
7303	102.0
7304	338.0
7305	524.0
7306	688.0
7307	774.0
7308	752.0
7309	640.0
7310	455.0
7311	237.0
7312	68.0
7313	0.0
7314	0.0
7315	0.0
7316	0.0
7317	0.0
7318	0.0
7319	0.0
7320	0.0
7321	0.0
7322	0.0
7323	0.0
7324	0.0
7325	0.0
7326	0.0
7327	54.0
7328	184.0
7329	291.0
7330	356.0
7331	338.0
7332	256.0
7333	161.0
7334	83.0
7335	33.0
7336	9.0
7337	0.0
7338	0.0
7339	0.0
7340	0.0
7341	0.0
7342	0.0
7343	0.0
7344	0.0
7345	0.0
7346	0.0
7347	0.0
7348	0.0
7349	0.0
7350	0.0
7351	58.0
7352	202.0
7353	302.0
7354	349.0
7355	376.0
7356	386.0
7357	368.0
7358	271.0
7359	128.0
7360	36.0
7361	0.0
7362	0.0
7363	0.0
7364	0.0
7365	0.0
7366	0.0
7367	0.0
7368	0.0
7369	0.0
7370	0.0
7371	0.0
7372	0.0
7373	0.0
7374	0.0
7375	73.0
7376	232.0
7377	314.0
7378	356.0
7379	380.0
7380	356.0
7381	283.0
7382	193.0
7383	106.0
7384	38.0
7385	0.0
7386	0.0
7387	0.0
7388	0.0
7389	0.0
7390	0.0
7391	0.0
7392	0.0
7393	0.0
7394	0.0
7395	0.0
7396	0.0
7397	0.0
7398	0.0
7399	35.0
7400	128.0
7401	207.0
7402	254.0
7403	277.0
7404	261.0
7405	200.0
7406	132.0
7407	74.0
7408	28.0
7409	0.0
7410	0.0
7411	0.0
7412	0.0
7413	0.0
7414	0.0
7415	0.0
7416	0.0
7417	0.0
7418	0.0
7419	0.0
7420	0.0
7421	0.0
7422	0.0
7423	58.0
7424	194.0
7425	280.0
7426	354.0
7427	421.0
7428	428.0
7429	374.0
7430	264.0
7431	128.0
7432	40.0
7433	0.0
7434	0.0
7435	0.0
7436	0.0
7437	0.0
7438	0.0
7439	0.0
7440	0.0
7441	0.0
7442	0.0
7443	0.0
7444	0.0
7445	0.0
7446	0.0
7447	16.0
7448	57.0
7449	114.0
7450	190.0
7451	229.0
7452	221.0
7453	190.0
7454	131.0
7455	67.0
7456	23.0
7457	0.0
7458	0.0
7459	0.0
7460	0.0
7461	0.0
7462	0.0
7463	0.0
7464	0.0
7465	0.0
7466	0.0
7467	0.0
7468	0.0
7469	0.0
7470	0.0
7471	8.0
7472	31.0
7473	54.0
7474	76.0
7475	91.0
7476	104.0
7477	108.0
7478	90.0
7479	54.0
7480	20.0
7481	0.0
7482	0.0
7483	0.0
7484	0.0
7485	0.0
7486	0.0
7487	0.0
7488	0.0
7489	0.0
7490	0.0
7491	0.0
7492	0.0
7493	0.0
7494	0.0
7495	40.0
7496	156.0
7497	269.0
7498	344.0
7499	384.0
7500	354.0
7501	257.0
7502	144.0
7503	64.0
7504	21.0
7505	0.0
7506	0.0
7507	0.0
7508	0.0
7509	0.0
7510	0.0
7511	0.0
7512	0.0
7513	0.0
7514	0.0
7515	0.0
7516	0.0
7517	0.0
7518	0.0
7519	16.0
7520	45.0
7521	57.0
7522	69.0
7523	74.0
7524	67.0
7525	48.0
7526	28.0
7527	10.0
7528	2.0
7529	0.0
7530	0.0
7531	0.0
7532	0.0
7533	0.0
7534	0.0
7535	0.0
7536	0.0
7537	0.0
7538	0.0
7539	0.0
7540	0.0
7541	0.0
7542	0.0
7543	24.0
7544	88.0
7545	148.0
7546	200.0
7547	228.0
7548	224.0
7549	181.0
7550	108.0
7551	44.0
7552	10.0
7553	0.0
7554	0.0
7555	0.0
7556	0.0
7557	0.0
7558	0.0
7559	0.0
7560	0.0
7561	0.0
7562	0.0
7563	0.0
7564	0.0
7565	0.0
7566	0.0
7567	38.0
7568	215.0
7569	462.0
7570	604.0
7571	696.0
7572	700.0
7573	604.0
7574	412.0
7575	184.0
7576	39.0
7577	0.0
7578	0.0
7579	0.0
7580	0.0
7581	0.0
7582	0.0
7583	0.0
7584	0.0
7585	0.0
7586	0.0
7587	0.0
7588	0.0
7589	0.0
7590	0.0
7591	40.0
7592	154.0
7593	251.0
7594	288.0
7595	293.0
7596	260.0
7597	194.0
7598	108.0
7599	40.0
7600	8.0
7601	0.0
7602	0.0
7603	0.0
7604	0.0
7605	0.0
7606	0.0
7607	0.0
7608	0.0
7609	0.0
7610	0.0
7611	0.0
7612	0.0
7613	0.0
7614	0.0
7615	7.0
7616	22.0
7617	31.0
7618	40.0
7619	45.0
7620	50.0
7621	47.0
7622	30.0
7623	13.0
7624	4.0
7625	0.0
7626	0.0
7627	0.0
7628	0.0
7629	0.0
7630	0.0
7631	0.0
7632	0.0
7633	0.0
7634	0.0
7635	0.0
7636	0.0
7637	0.0
7638	0.0
7639	30.0
7640	113.0
7641	168.0
7642	152.0
7643	115.0
7644	77.0
7645	44.0
7646	21.0
7647	7.0
7648	2.0
7649	0.0
7650	0.0
7651	0.0
7652	0.0
7653	0.0
7654	0.0
7655	0.0
7656	0.0
7657	0.0
7658	0.0
7659	0.0
7660	0.0
7661	0.0
7662	0.0
7663	5.0
7664	16.0
7665	24.0
7666	36.0
7667	48.0
7668	48.0
7669	33.0
7670	16.0
7671	7.0
7672	2.0
7673	0.0
7674	0.0
7675	0.0
7676	0.0
7677	0.0
7678	0.0
7679	0.0
7680	0.0
7681	0.0
7682	0.0
7683	0.0
7684	0.0
7685	0.0
7686	0.0
7687	2.0
7688	11.0
7689	39.0
7690	116.0
7691	239.0
7692	349.0
7693	355.0
7694	234.0
7695	90.0
7696	16.0
7697	0.0
7698	0.0
7699	0.0
7700	0.0
7701	0.0
7702	0.0
7703	0.0
7704	0.0
7705	0.0
7706	0.0
7707	0.0
7708	0.0
7709	0.0
7710	0.0
7711	26.0
7712	125.0
7713	242.0
7714	314.0
7715	382.0
7716	360.0
7717	223.0
7718	90.0
7719	24.0
7720	4.0
7721	0.0
7722	0.0
7723	0.0
7724	0.0
7725	0.0
7726	0.0
7727	0.0
7728	0.0
7729	0.0
7730	0.0
7731	0.0
7732	0.0
7733	0.0
7734	0.0
7735	26.0
7736	116.0
7737	212.0
7738	223.0
7739	206.0
7740	233.0
7741	270.0
7742	204.0
7743	75.0
7744	8.0
7745	0.0
7746	0.0
7747	0.0
7748	0.0
7749	0.0
7750	0.0
7751	0.0
7752	0.0
7753	0.0
7754	0.0
7755	0.0
7756	0.0
7757	0.0
7758	0.0
7759	12.0
7760	68.0
7761	168.0
7762	256.0
7763	309.0
7764	299.0
7765	221.0
7766	122.0
7767	47.0
7768	9.0
7769	0.0
7770	0.0
7771	0.0
7772	0.0
7773	0.0
7774	0.0
7775	0.0
7776	0.0
7777	0.0
7778	0.0
7779	0.0
7780	0.0
7781	0.0
7782	0.0
7783	6.0
7784	25.0
7785	56.0
7786	84.0
7787	94.0
7788	100.0
7789	99.0
7790	72.0
7791	32.0
7792	6.0
7793	0.0
7794	0.0
7795	0.0
7796	0.0
7797	0.0
7798	0.0
7799	0.0
7800	0.0
7801	0.0
7802	0.0
7803	0.0
7804	0.0
7805	0.0
7806	0.0
7807	8.0
7808	34.0
7809	59.0
7810	64.0
7811	66.0
7812	75.0
7813	81.0
7814	59.0
7815	23.0
7816	4.0
7817	0.0
7818	0.0
7819	0.0
7820	0.0
7821	0.0
7822	0.0
7823	0.0
7824	0.0
7825	0.0
7826	0.0
7827	0.0
7828	0.0
7829	0.0
7830	0.0
7831	9.0
7832	250.0
7833	665.0
7834	740.0
7835	731.0
7836	632.0
7837	473.0
7838	274.0
7839	92.0
7840	6.0
7841	0.0
7842	0.0
7843	0.0
7844	0.0
7845	0.0
7846	0.0
7847	0.0
7848	0.0
7849	0.0
7850	0.0
7851	0.0
7852	0.0
7853	0.0
7854	0.0
7855	7.0
7856	32.0
7857	58.0
7858	65.0
7859	59.0
7860	52.0
7861	51.0
7862	45.0
7863	24.0
7864	5.0
7865	0.0
7866	0.0
7867	0.0
7868	0.0
7869	0.0
7870	0.0
7871	0.0
7872	0.0
7873	0.0
7874	0.0
7875	0.0
7876	0.0
7877	0.0
7878	0.0
7879	0.0
7880	0.0
7881	0.0
7882	0.0
7883	0.0
7884	0.0
7885	0.0
7886	0.0
7887	0.0
7888	0.0
7889	0.0
7890	0.0
7891	0.0
7892	0.0
7893	0.0
7894	0.0
7895	0.0
7896	0.0
7897	0.0
7898	0.0
7899	0.0
7900	0.0
7901	0.0
7902	0.0
7903	4.0
7904	246.0
7905	686.0
7906	776.0
7907	774.0
7908	702.0
7909	546.0
7910	320.0
7911	104.0
7912	4.0
7913	0.0
7914	0.0
7915	0.0
7916	0.0
7917	0.0
7918	0.0
7919	0.0
7920	0.0
7921	0.0
7922	0.0
7923	0.0
7924	0.0
7925	0.0
7926	0.0
7927	3.0
7928	107.0
7929	293.0
7930	350.0
7931	388.0
7932	368.0
7933	278.0
7934	155.0
7935	52.0
7936	5.0
7937	0.0
7938	0.0
7939	0.0
7940	0.0
7941	0.0
7942	0.0
7943	0.0
7944	0.0
7945	0.0
7946	0.0
7947	0.0
7948	0.0
7949	0.0
7950	0.0
7951	2.0
7952	48.0
7953	149.0
7954	250.0
7955	349.0
7956	360.0
7957	280.0
7958	160.0
7959	51.0
7960	5.0
7961	0.0
7962	0.0
7963	0.0
7964	0.0
7965	0.0
7966	0.0
7967	0.0
7968	0.0
7969	0.0
7970	0.0
7971	0.0
7972	0.0
7973	0.0
7974	0.0
7975	2.0
7976	227.0
7977	667.0
7978	788.0
7979	776.0
7980	708.0
7981	558.0
7982	328.0
7983	102.0
7984	4.0
7985	0.0
7986	0.0
7987	0.0
7988	0.0
7989	0.0
7990	0.0
7991	0.0
7992	0.0
7993	0.0
7994	0.0
7995	0.0
7996	0.0
7997	0.0
7998	0.0
7999	2.0
8000	226.0
8001	678.0
8002	826.0
8003	816.0
8004	736.0
8005	572.0
8006	332.0
8007	100.0
8008	3.0
8009	0.0
8010	0.0
8011	0.0
8012	0.0
8013	0.0
8014	0.0
8015	0.0
8016	0.0
8017	0.0
8018	0.0
8019	0.0
8020	0.0
8021	0.0
8022	0.0
8023	2.0
8024	99.0
8025	274.0
8026	311.0
8027	328.0
8028	318.0
8029	259.0
8030	152.0
8031	49.0
8032	4.0
8033	0.0
8034	0.0
8035	0.0
8036	0.0
8037	0.0
8038	0.0
8039	0.0
8040	0.0
8041	0.0
8042	0.0
8043	0.0
8044	0.0
8045	0.0
8046	0.0
8047	2.0
8048	28.0
8049	78.0
8050	99.0
8051	102.0
8052	92.0
8053	68.0
8054	37.0
8055	12.0
8056	2.0
8057	0.0
8058	0.0
8059	0.0
8060	0.0
8061	0.0
8062	0.0
8063	0.0
8064	0.0
8065	0.0
8066	0.0
8067	0.0
8068	0.0
8069	0.0
8070	0.0
8071	2.0
8072	24.0
8073	72.0
8074	111.0
8075	152.0
8076	180.0
8077	162.0
8078	98.0
8079	30.0
8080	3.0
8081	0.0
8082	0.0
8083	0.0
8084	0.0
8085	0.0
8086	0.0
8087	0.0
8088	0.0
8089	0.0
8090	0.0
8091	0.0
8092	0.0
8093	0.0
8094	0.0
8095	1.0
8096	87.0
8097	288.0
8098	403.0
8099	422.0
8100	388.0
8101	305.0
8102	174.0
8103	50.0
8104	4.0
8105	0.0
8106	0.0
8107	0.0
8108	0.0
8109	0.0
8110	0.0
8111	0.0
8112	0.0
8113	0.0
8114	0.0
8115	0.0
8116	0.0
8117	0.0
8118	0.0
8119	1.0
8120	106.0
8121	370.0
8122	571.0
8123	657.0
8124	640.0
8125	514.0
8126	294.0
8127	82.0
8128	3.0
8129	0.0
8130	0.0
8131	0.0
8132	0.0
8133	0.0
8134	0.0
8135	0.0
8136	0.0
8137	0.0
8138	0.0
8139	0.0
8140	0.0
8141	0.0
8142	0.0
8143	1.0
8144	160.0
8145	549.0
8146	769.0
8147	763.0
8148	687.0
8149	526.0
8150	290.0
8151	77.0
8152	4.0
8153	0.0
8154	0.0
8155	0.0
8156	0.0
8157	0.0
8158	0.0
8159	0.0
8160	0.0
8161	0.0
8162	0.0
8163	0.0
8164	0.0
8165	0.0
8166	0.0
8167	1.0
8168	138.0
8169	460.0
8170	630.0
8171	626.0
8172	538.0
8173	382.0
8174	194.0
8175	50.0
8176	4.0
8177	0.0
8178	0.0
8179	0.0
8180	0.0
8181	0.0
8182	0.0
8183	0.0
8184	0.0
8185	0.0
8186	0.0
8187	0.0
8188	0.0
8189	0.0
8190	0.0
8191	0.0
8192	20.0
8193	62.0
8194	88.0
8195	112.0
8196	130.0
8197	140.0
8198	106.0
8199	36.0
8200	4.0
8201	0.0
8202	0.0
8203	0.0
8204	0.0
8205	0.0
8206	0.0
8207	0.0
8208	0.0
8209	0.0
8210	0.0
8211	0.0
8212	0.0
8213	0.0
8214	0.0
8215	0.0
8216	34.0
8217	119.0
8218	193.0
8219	241.0
8220	249.0
8221	194.0
8222	108.0
8223	35.0
8224	2.0
8225	0.0
8226	0.0
8227	0.0
8228	0.0
8229	0.0
8230	0.0
8231	0.0
8232	0.0
8233	0.0
8234	0.0
8235	0.0
8236	0.0
8237	0.0
8238	0.0
8239	0.0
8240	13.0
8241	38.0
8242	47.0
8243	46.0
8244	57.0
8245	74.0
8246	63.0
8247	26.0
8248	2.0
8249	0.0
8250	0.0
8251	0.0
8252	0.0
8253	0.0
8254	0.0
8255	0.0
8256	0.0
8257	0.0
8258	0.0
8259	0.0
8260	0.0
8261	0.0
8262	0.0
8263	0.0
8264	14.0
8265	44.0
8266	57.0
8267	50.0
8268	33.0
8269	20.0
8270	10.0
8271	4.0
8272	0.0
8273	0.0
8274	0.0
8275	0.0
8276	0.0
8277	0.0
8278	0.0
8279	0.0
8280	0.0
8281	0.0
8282	0.0
8283	0.0
8284	0.0
8285	0.0
8286	0.0
8287	0.0
8288	32.0
8289	105.0
8290	145.0
8291	145.0
8292	120.0
8293	80.0
8294	40.0
8295	12.0
8296	2.0
8297	0.0
8298	0.0
8299	0.0
8300	0.0
8301	0.0
8302	0.0
8303	0.0
8304	0.0
8305	0.0
8306	0.0
8307	0.0
8308	0.0
8309	0.0
8310	0.0
8311	0.0
8312	24.0
8313	79.0
8314	113.0
8315	123.0
8316	117.0
8317	94.0
8318	55.0
8319	16.0
8320	2.0
8321	0.0
8322	0.0
8323	0.0
8324	0.0
8325	0.0
8326	0.0
8327	0.0
8328	0.0
8329	0.0
8330	0.0
8331	0.0
8332	0.0
8333	0.0
8334	0.0
8335	0.0
8336	10.0
8337	34.0
8338	56.0
8339	72.0
8340	80.0
8341	68.0
8342	38.0
8343	12.0
8344	2.0
8345	0.0
8346	0.0
8347	0.0
8348	0.0
8349	0.0
8350	0.0
8351	0.0
8352	0.0
8353	0.0
8354	0.0
8355	0.0
8356	0.0
8357	0.0
8358	0.0
8359	0.0
8360	24.0
8361	88.0
8362	152.0
8363	198.0
8364	224.0
8365	202.0
8366	127.0
8367	42.0
8368	4.0
8369	0.0
8370	0.0
8371	0.0
8372	0.0
8373	0.0
8374	0.0
8375	0.0
8376	0.0
8377	0.0
8378	0.0
8379	0.0
8380	0.0
8381	0.0
8382	0.0
8383	0.0
8384	30.0
8385	109.0
8386	174.0
8387	202.0
8388	195.0
8389	148.0
8390	80.0
8391	23.0
8392	2.0
8393	0.0
8394	0.0
8395	0.0
8396	0.0
8397	0.0
8398	0.0
8399	0.0
8400	0.0
8401	0.0
8402	0.0
8403	0.0
8404	0.0
8405	0.0
8406	0.0
8407	0.0
8408	60.0
8409	212.0
8410	321.0
8411	342.0
8412	310.0
8413	232.0
8414	124.0
8415	34.0
8416	3.0
8417	0.0
8418	0.0
8419	0.0
8420	0.0
8421	0.0
8422	0.0
8423	0.0
8424	0.0
8425	0.0
8426	0.0
8427	0.0
8428	0.0
8429	0.0
8430	0.0
8431	0.0
8432	22.0
8433	83.0
8434	137.0
8435	144.0
8436	111.0
8437	70.0
8438	34.0
8439	8.0
8440	1.0
8441	0.0
8442	0.0
8443	0.0
8444	0.0
8445	0.0
8446	0.0
8447	0.0
8448	0.0
8449	0.0
8450	0.0
8451	0.0
8452	0.0
8453	0.0
8454	0.0
8455	0.0
8456	10.0
8457	37.0
8458	58.0
8459	72.0
8460	76.0
8461	68.0
8462	44.0
8463	16.0
8464	2.0
8465	0.0
8466	0.0
8467	0.0
8468	0.0
8469	0.0
8470	0.0
8471	0.0
8472	0.0
8473	0.0
8474	0.0
8475	0.0
8476	0.0
8477	0.0
8478	0.0
8479	0.0
8480	21.0
8481	76.0
8482	123.0
8483	157.0
8484	176.0
8485	152.0
8486	88.0
8487	29.0
8488	4.0
8489	0.0
8490	0.0
8491	0.0
8492	0.0
8493	0.0
8494	0.0
8495	0.0
8496	0.0
8497	0.0
8498	0.0
8499	0.0
8500	0.0
8501	0.0
8502	0.0
8503	0.0
8504	25.0
8505	88.0
8506	138.0
8507	160.0
8508	158.0
8509	128.0
8510	75.0
8511	24.0
8512	3.0
8513	0.0
8514	0.0
8515	0.0
8516	0.0
8517	0.0
8518	0.0
8519	0.0
8520	0.0
8521	0.0
8522	0.0
8523	0.0
8524	0.0
8525	0.0
8526	0.0
8527	0.0
8528	31.0
8529	98.0
8530	126.0
8531	130.0
8532	121.0
8533	88.0
8534	48.0
8535	16.0
8536	2.0
8537	0.0
8538	0.0
8539	0.0
8540	0.0
8541	0.0
8542	0.0
8543	0.0
8544	0.0
8545	0.0
8546	0.0
8547	0.0
8548	0.0
8549	0.0
8550	0.0
8551	0.0
8552	10.0
8553	34.0
8554	58.0
8555	84.0
8556	96.0
8557	86.0
8558	58.0
8559	24.0
8560	4.0
8561	0.0
8562	0.0
8563	0.0
8564	0.0
8565	0.0
8566	0.0
8567	0.0
8568	0.0
8569	0.0
8570	0.0
8571	0.0
8572	0.0
8573	0.0
8574	0.0
8575	0.0
8576	20.0
8577	71.0
8578	110.0
8579	131.0
8580	138.0
8581	132.0
8582	95.0
8583	37.0
8584	4.0
8585	0.0
8586	0.0
8587	0.0
8588	0.0
8589	0.0
8590	0.0
8591	0.0
8592	0.0
8593	0.0
8594	0.0
8595	0.0
8596	0.0
8597	0.0
8598	0.0
8599	0.0
8600	62.0
8601	227.0
8602	354.0
8603	368.0
8604	284.0
8605	174.0
8606	94.0
8607	34.0
8608	5.0
8609	0.0
8610	0.0
8611	0.0
8612	0.0
8613	0.0
8614	0.0
8615	0.0
8616	0.0
8617	0.0
8618	0.0
8619	0.0
8620	0.0
8621	0.0
8622	0.0
8623	0.0
8624	34.0
8625	106.0
8626	120.0
8627	82.0
8628	52.0
8629	33.0
8630	17.0
8631	5.0
8632	1.0
8633	0.0
8634	0.0
8635	0.0
8636	0.0
8637	0.0
8638	0.0
8639	0.0
8640	0.0
8641	0.0
8642	0.0
8643	0.0
8644	0.0
8645	0.0
8646	0.0
8647	0.0
8648	43.0
8649	176.0
8650	324.0
8651	442.0
8652	500.0
8653	430.0
8654	255.0
8655	82.0
8656	8.0
8657	0.0
8658	0.0
8659	0.0
8660	0.0
8661	0.0
8662	0.0
8663	0.0
8664	0.0
8665	0.0
8666	0.0
8667	0.0
8668	0.0
8669	0.0
8670	0.0
8671	0.0
8672	79.0
8673	296.0
8674	458.0
8675	483.0
8676	422.0
8677	298.0
8678	157.0
8679	50.0
8680	6.0
8681	0.0
8682	0.0
8683	0.0
8684	0.0
8685	0.0
8686	0.0
8687	0.0
8688	0.0
8689	0.0
8690	0.0
8691	0.0
8692	0.0
8693	0.0
8694	0.0
8695	0.0
8696	32.0
8697	117.0
8698	186.0
8699	206.0
8700	192.0
8701	143.0
8702	78.0
8703	26.0
8704	4.0
8705	0.0
8706	0.0
8707	0.0
8708	0.0
8709	0.0
8710	0.0
8711	0.0
8712	0.0
8713	0.0
8714	0.0
8715	0.0
8716	0.0
8717	0.0
8718	0.0
8719	0.0
8720	24.0
8721	91.0
8722	160.0
8723	206.0
8724	226.0
8725	202.0
8726	130.0
8727	48.0
8728	8.0
8729	0.0
8730	0.0
8731	0.0
8732	0.0
8733	0.0
8734	0.0
8735	0.0
8736	0.0
8737	0.0
8738	0.0
8739	0.0
8740	0.0
8741	0.0
8742	0.0
8743	0.0
8744	43.0
8745	168.0
8746	286.0
8747	331.0
8748	309.0
8749	230.0
8750	125.0
8751	40.0
8752	6.0
8753	0.0
8754	0.0
8755	0.0
8756	0.0
8757	0.0
8758	0.0
8759	0.0
8760	0.0
8761	0.0
8762	0.0
8763	0.0
8764	0.0
8765	0.0
8766	0.0
8767	0.0
8768	13.0
8769	47.0
8770	78.0
8771	93.0
8772	89.0
8773	68.0
8774	40.0
8775	14.0
8776	2.0
8777	0.0
8778	0.0
8779	0.0
8780	0.0
8781	0.0
8782	0.0
8783	0.0
