#1
double windGeneration(8784,2)
0	1482.0
1	1225.0
2	1149.0
3	937.0
4	620.0
5	339.0
6	219.0
7	84.0
8	31.0
9	18.0
10	17.0
11	28.0
12	66.0
13	169.0
14	294.0
15	443.0
16	561.0
17	663.0
18	893.0
19	1137.0
20	1036.0
21	1190.0
22	1319.0
23	1444.0
24	1540.0
25	1632.0
26	1676.0
27	1657.0
28	1725.0
29	1630.0
30	1628.0
31	1599.0
32	1555.0
33	1556.0
34	1602.0
35	1555.0
36	1536.0
37	1525.0
38	1540.0
39	1637.0
40	1671.0
41	1741.0
42	1870.0
43	1942.0
44	1987.0
45	2011.0
46	1988.0
47	2047.0
48	2091.0
49	2069.0
50	2063.0
51	1977.0
52	1739.0
53	1555.0
54	1411.0
55	1360.0
56	1263.0
57	1209.0
58	1078.0
59	982.0
60	976.0
61	1088.0
62	1272.0
63	1525.0
64	1563.0
65	1597.0
66	1705.0
67	1766.0
68	1670.0
69	1552.0
70	1546.0
71	1451.0
72	1275.0
73	1102.0
74	1014.0
75	953.0
76	987.0
77	861.0
78	795.0
79	668.0
80	624.0
81	589.0
82	560.0
83	523.0
84	485.0
85	473.0
86	519.0
87	559.0
88	662.0
89	777.0
90	811.0
91	843.0
92	862.0
93	850.0
94	833.0
95	802.0
96	784.0
97	679.0
98	640.0
99	611.0
100	606.0
101	587.0
102	616.0
103	699.0
104	711.0
105	574.0
106	548.0
107	519.0
108	506.0
109	479.0
110	502.0
111	610.0
112	700.0
113	711.0
114	765.0
115	752.0
116	719.0
117	709.0
118	704.0
119	688.0
120	669.0
121	597.0
122	577.0
123	531.0
124	519.0
125	514.0
126	488.0
127	486.0
128	426.0
129	378.0
130	310.0
131	266.0
132	228.0
133	270.0
134	299.0
135	252.0
136	301.0
137	286.0
138	277.0
139	295.0
140	396.0
141	440.0
142	440.0
143	447.0
144	500.0
145	598.0
146	714.0
147	762.0
148	846.0
149	1151.0
150	1270.0
151	1390.0
152	1357.0
153	1284.0
154	1459.0
155	1621.0
156	1648.0
157	1629.0
158	1790.0
159	1917.0
160	1889.0
161	1689.0
162	1997.0
163	2284.0
164	2165.0
165	2315.0
166	2311.0
167	2305.0
168	2247.0
169	2273.0
170	2243.0
171	2229.0
172	2165.0
173	2124.0
174	1959.0
175	1710.0
176	1483.0
177	1222.0
178	944.0
179	980.0
180	939.0
181	959.0
182	888.0
183	799.0
184	849.0
185	965.0
186	1057.0
187	1264.0
188	1228.0
189	1197.0
190	1071.0
191	948.0
192	900.0
193	959.0
194	1036.0
195	965.0
196	938.0
197	972.0
198	1077.0
199	1244.0
200	1188.0
201	1056.0
202	945.0
203	941.0
204	923.0
205	1019.0
206	1031.0
207	1161.0
208	1149.0
209	1276.0
210	1470.0
211	1536.0
212	1694.0
213	1953.0
214	1975.0
215	2135.0
216	2190.0
217	2224.0
218	2180.0
219	2091.0
220	1947.0
221	1864.0
222	1778.0
223	1751.0
224	2004.0
225	2130.0
226	2140.0
227	2026.0
228	1912.0
229	1867.0
230	1577.0
231	1312.0
232	1379.0
233	1260.0
234	1200.0
235	1191.0
236	1196.0
237	1078.0
238	1090.0
239	1055.0
240	1149.0
241	1084.0
242	1079.0
243	983.0
244	1084.0
245	1023.0
246	1104.0
247	983.0
248	976.0
249	903.0
250	977.0
251	1031.0
252	1097.0
253	825.0
254	763.0
255	762.0
256	838.0
257	974.0
258	1082.0
259	1133.0
260	1264.0
261	1234.0
262	1237.0
263	1322.0
264	1333.0
265	1397.0
266	1478.0
267	1429.0
268	1335.0
269	1352.0
270	1431.0
271	1341.0
272	1336.0
273	1451.0
274	1551.0
275	1703.0
276	1806.0
277	1720.0
278	1743.0
279	1736.0
280	1791.0
281	1772.0
282	1545.0
283	1531.0
284	1584.0
285	1622.0
286	1544.0
287	1414.0
288	1286.0
289	1478.0
290	1923.0
291	2101.0
292	1958.0
293	1703.0
294	1378.0
295	1010.0
296	681.0
297	613.0
298	612.0
299	855.0
300	847.0
301	936.0
302	983.0
303	980.0
304	1052.0
305	1108.0
306	988.0
307	934.0
308	906.0
309	874.0
310	1062.0
311	1159.0
312	1131.0
313	1196.0
314	1395.0
315	1435.0
316	1570.0
317	1727.0
318	1844.0
319	1950.0
320	1814.0
321	1749.0
322	1614.0
323	1403.0
324	1309.0
325	1351.0
326	1345.0
327	1363.0
328	1212.0
329	1111.0
330	1199.0
331	1245.0
332	1421.0
333	1394.0
334	1261.0
335	1366.0
336	1459.0
337	1528.0
338	1467.0
339	1466.0
340	1185.0
341	962.0
342	888.0
343	770.0
344	596.0
345	795.0
346	674.0
347	385.0
348	488.0
349	514.0
350	466.0
351	411.0
352	399.0
353	449.0
354	365.0
355	272.0
356	157.0
357	109.0
358	145.0
359	176.0
360	336.0
361	806.0
362	1142.0
363	1487.0
364	1626.0
365	1737.0
366	2002.0
367	2163.0
368	2258.0
369	2161.0
370	2087.0
371	1645.0
372	1590.0
373	1327.0
374	1473.0
375	1148.0
376	1373.0
377	1300.0
378	1107.0
379	1123.0
380	1035.0
381	1192.0
382	1168.0
383	1248.0
384	1370.0
385	1112.0
386	1037.0
387	920.0
388	592.0
389	485.0
390	279.0
391	258.0
392	214.0
393	185.0
394	222.0
395	216.0
396	107.0
397	33.0
398	16.0
399	20.0
400	52.0
401	84.0
402	193.0
403	278.0
404	290.0
405	284.0
406	331.0
407	374.0
408	403.0
409	451.0
410	448.0
411	456.0
412	458.0
413	427.0
414	491.0
415	574.0
416	673.0
417	533.0
418	378.0
419	239.0
420	224.0
421	221.0
422	217.0
423	279.0
424	329.0
425	323.0
426	303.0
427	303.0
428	263.0
429	223.0
430	174.0
431	189.0
432	218.0
433	207.0
434	162.0
435	121.0
436	148.0
437	177.0
438	212.0
439	258.0
440	270.0
441	371.0
442	402.0
443	433.0
444	496.0
445	509.0
446	511.0
447	410.0
448	297.0
449	285.0
450	260.0
451	252.0
452	247.0
453	237.0
454	222.0
455	243.0
456	330.0
457	306.0
458	389.0
459	426.0
460	398.0
461	399.0
462	457.0
463	373.0
464	223.0
465	234.0
466	224.0
467	203.0
468	183.0
469	155.0
470	152.0
471	132.0
472	97.0
473	74.0
474	61.0
475	18.0
476	28.0
477	11.0
478	9.0
479	4.0
480	1.0
481	16.0
482	33.0
483	79.0
484	74.0
485	78.0
486	105.0
487	144.0
488	171.0
489	199.0
490	206.0
491	232.0
492	226.0
493	239.0
494	240.0
495	217.0
496	189.0
497	303.0
498	400.0
499	430.0
500	529.0
501	567.0
502	560.0
503	572.0
504	567.0
505	559.0
506	592.0
507	650.0
508	729.0
509	806.0
510	963.0
511	1106.0
512	1091.0
513	1144.0
514	1093.0
515	1083.0
516	1244.0
517	1419.0
518	1602.0
519	1820.0
520	1893.0
521	1862.0
522	1695.0
523	1612.0
524	1471.0
525	1378.0
526	1326.0
527	1309.0
528	1394.0
529	1389.0
530	1560.0
531	1507.0
532	1440.0
533	1328.0
534	1307.0
535	857.0
536	777.0
537	561.0
538	543.0
539	667.0
540	705.0
541	703.0
542	783.0
543	713.0
544	728.0
545	1042.0
546	1152.0
547	1116.0
548	1108.0
549	1043.0
550	1131.0
551	1371.0
552	1456.0
553	1455.0
554	1473.0
555	1468.0
556	1514.0
557	1571.0
558	1503.0
559	1555.0
560	1484.0
561	1357.0
562	1327.0
563	1391.0
564	1429.0
565	1512.0
566	1465.0
567	1404.0
568	1498.0
569	1679.0
570	1641.0
571	1581.0
572	1463.0
573	1425.0
574	1314.0
575	1315.0
576	1290.0
577	1196.0
578	1028.0
579	895.0
580	932.0
581	902.0
582	916.0
583	917.0
584	985.0
585	1035.0
586	1033.0
587	960.0
588	1200.0
589	1361.0
590	1484.0
591	1668.0
592	1912.0
593	1998.0
594	2186.0
595	2173.0
596	2384.0
597	2453.0
598	2520.0
599	2310.0
600	2192.0
601	2023.0
602	1696.0
603	1421.0
604	1241.0
605	1194.0
606	1219.0
607	1365.0
608	1457.0
609	1695.0
610	1665.0
611	1965.0
612	2378.0
613	2507.0
614	2692.0
615	2849.0
616	2852.0
617	2899.0
618	2926.0
619	2890.0
620	2870.0
621	2922.0
622	2897.0
623	2866.0
624	2851.0
625	2792.0
626	2805.0
627	2781.0
628	2814.0
629	2849.0
630	2882.0
631	2780.0
632	2777.0
633	2799.0
634	2841.0
635	2858.0
636	2858.0
637	2859.0
638	2848.0
639	2856.0
640	2855.0
641	2817.0
642	2845.0
643	2815.0
644	2655.0
645	2439.0
646	2223.0
647	1979.0
648	1899.0
649	2020.0
650	2043.0
651	2027.0
652	1866.0
653	1749.0
654	1543.0
655	1305.0
656	1298.0
657	1247.0
658	1150.0
659	1310.0
660	1511.0
661	1433.0
662	1466.0
663	1519.0
664	1565.0
665	1657.0
666	1810.0
667	1998.0
668	2128.0
669	2294.0
670	2467.0
671	2528.0
672	2628.0
673	2519.0
674	2554.0
675	2762.0
676	2717.0
677	2819.0
678	2818.0
679	2855.0
680	2894.0
681	2866.0
682	2885.0
683	2888.0
684	2882.0
685	2895.0
686	2874.0
687	2847.0
688	2777.0
689	2809.0
690	2767.0
691	2832.0
692	2875.0
693	2947.0
694	2827.0
695	2946.0
696	2805.0
697	2805.0
698	2851.0
699	2815.0
700	2894.0
701	2789.0
702	2824.0
703	2639.0
704	2573.0
705	2084.0
706	1848.0
707	1781.0
708	1605.0
709	1743.0
710	1857.0
711	1911.0
712	2224.0
713	2116.0
714	2135.0
715	2291.0
716	2389.0
717	2590.0
718	2682.0
719	2602.0
720	2446.0
721	2299.0
722	2325.0
723	2228.0
724	1907.0
725	1795.0
726	1675.0
727	1604.0
728	1617.0
729	1537.0
730	1615.0
731	1394.0
732	1223.0
733	1180.0
734	1066.0
735	1105.0
736	995.0
737	1024.0
738	1156.0
739	1507.0
740	1633.0
741	1553.0
742	1290.0
743	1097.0
744	1183.0
745	1635.0
746	2192.0
747	2473.0
748	2458.0
749	2408.0
750	2550.0
751	2726.0
752	2805.0
753	2840.0
754	2908.0
755	2931.0
756	2968.0
757	2968.0
758	2972.0
759	2852.0
760	2916.0
761	2956.0
762	2960.0
763	2956.0
764	2742.0
765	2876.0
766	2892.0
767	2720.0
768	2856.0
769	2936.0
770	2956.0
771	2940.0
772	2788.0
773	2904.0
774	2894.0
775	2827.0
776	2796.0
777	2759.0
778	2786.0
779	2840.0
780	2878.0
781	2767.0
782	2761.0
783	2750.0
784	2771.0
785	2856.0
786	2771.0
787	2712.0
788	2689.0
789	2724.0
790	2566.0
791	2415.0
792	2263.0
793	2110.0
794	1947.0
795	1814.0
796	1814.0
797	1843.0
798	1843.0
799	1830.0
800	1712.0
801	1905.0
802	2237.0
803	2135.0
804	2121.0
805	2032.0
806	2026.0
807	1936.0
808	1614.0
809	1475.0
810	1340.0
811	1386.0
812	1167.0
813	1345.0
814	1357.0
815	1318.0
816	1319.0
817	1261.0
818	1523.0
819	1598.0
820	1499.0
821	1581.0
822	1748.0
823	1620.0
824	1238.0
825	922.0
826	895.0
827	936.0
828	880.0
829	793.0
830	765.0
831	723.0
832	574.0
833	458.0
834	345.0
835	220.0
836	151.0
837	106.0
838	162.0
839	299.0
840	476.0
841	628.0
842	767.0
843	982.0
844	1094.0
845	1262.0
846	1373.0
847	1516.0
848	1572.0
849	1557.0
850	1563.0
851	1623.0
852	1689.0
853	1658.0
854	1672.0
855	1780.0
856	1881.0
857	1628.0
858	1826.0
859	1856.0
860	1877.0
861	1877.0
862	1750.0
863	1888.0
864	2073.0
865	1940.0
866	2008.0
867	1757.0
868	1650.0
869	1664.0
870	1731.0
871	1812.0
872	1823.0
873	1940.0
874	1930.0
875	1961.0
876	2199.0
877	2408.0
878	2260.0
879	2171.0
880	1990.0
881	1992.0
882	2098.0
883	2178.0
884	2308.0
885	2506.0
886	2675.0
887	2658.0
888	2681.0
889	2634.0
890	2545.0
891	2462.0
892	2252.0
893	2041.0
894	1828.0
895	1673.0
896	1783.0
897	2129.0
898	2319.0
899	2588.0
900	2495.0
901	2438.0
902	2629.0
903	2693.0
904	2593.0
905	2662.0
906	2698.0
907	2750.0
908	2765.0
909	2751.0
910	2593.0
911	2682.0
912	2631.0
913	2547.0
914	2549.0
915	2731.0
916	2628.0
917	2725.0
918	2697.0
919	2761.0
920	2773.0
921	2758.0
922	2785.0
923	2732.0
924	2808.0
925	2797.0
926	2736.0
927	2469.0
928	2336.0
929	2249.0
930	2304.0
931	2439.0
932	2486.0
933	2482.0
934	2501.0
935	2551.0
936	2637.0
937	2675.0
938	2609.0
939	2470.0
940	2531.0
941	2527.0
942	2382.0
943	2020.0
944	1699.0
945	1386.0
946	958.0
947	394.0
948	158.0
949	168.0
950	318.0
951	647.0
952	1282.0
953	1703.0
954	1621.0
955	1510.0
956	1475.0
957	1605.0
958	1573.0
959	1625.0
960	1692.0
961	1543.0
962	1728.0
963	1634.0
964	1375.0
965	1288.0
966	1326.0
967	1278.0
968	1222.0
969	1037.0
970	1146.0
971	1314.0
972	1668.0
973	1659.0
974	1418.0
975	1694.0
976	1702.0
977	1658.0
978	1606.0
979	1544.0
980	1390.0
981	1171.0
982	1204.0
983	1083.0
984	1039.0
985	1148.0
986	949.0
987	883.0
988	1005.0
989	1031.0
990	998.0
991	956.0
992	816.0
993	739.0
994	770.0
995	845.0
996	895.0
997	781.0
998	730.0
999	617.0
1000	432.0
1001	353.0
1002	287.0
1003	290.0
1004	308.0
1005	302.0
1006	320.0
1007	274.0
1008	241.0
1009	207.0
1010	258.0
1011	294.0
1012	312.0
1013	268.0
1014	294.0
1015	297.0
1016	237.0
1017	202.0
1018	165.0
1019	199.0
1020	133.0
1021	114.0
1022	159.0
1023	224.0
1024	269.0
1025	412.0
1026	517.0
1027	524.0
1028	553.0
1029	493.0
1030	426.0
1031	356.0
1032	406.0
1033	516.0
1034	540.0
1035	549.0
1036	514.0
1037	435.0
1038	441.0
1039	535.0
1040	555.0
1041	670.0
1042	728.0
1043	832.0
1044	938.0
1045	1113.0
1046	1235.0
1047	1430.0
1048	1609.0
1049	1718.0
1050	1718.0
1051	1756.0
1052	1715.0
1053	1683.0
1054	1621.0
1055	1629.0
1056	1503.0
1057	1515.0
1058	1505.0
1059	1480.0
1060	1433.0
1061	1461.0
1062	1495.0
1063	1503.0
1064	1570.0
1065	1584.0
1066	1501.0
1067	1411.0
1068	1334.0
1069	1302.0
1070	1315.0
1071	1431.0
1072	1683.0
1073	1962.0
1074	2227.0
1075	2417.0
1076	2347.0
1077	2465.0
1078	2474.0
1079	2474.0
1080	2399.0
1081	2358.0
1082	2437.0
1083	2403.0
1084	2249.0
1085	2047.0
1086	1767.0
1087	1458.0
1088	1177.0
1089	962.0
1090	995.0
1091	973.0
1092	924.0
1093	968.0
1094	1135.0
1095	1064.0
1096	788.0
1097	515.0
1098	394.0
1099	330.0
1100	235.0
1101	214.0
1102	202.0
1103	204.0
1104	151.0
1105	76.0
1106	43.0
1107	17.0
1108	5.0
1109	8.0
1110	5.0
1111	14.0
1112	23.0
1113	24.0
1114	21.0
1115	24.0
1116	12.0
1117	13.0
1118	9.0
1119	33.0
1120	145.0
1121	371.0
1122	564.0
1123	482.0
1124	531.0
1125	519.0
1126	584.0
1127	653.0
1128	713.0
1129	606.0
1130	527.0
1131	486.0
1132	529.0
1133	553.0
1134	553.0
1135	520.0
1136	405.0
1137	407.0
1138	425.0
1139	278.0
1140	170.0
1141	121.0
1142	121.0
1143	131.0
1144	171.0
1145	206.0
1146	345.0
1147	402.0
1148	437.0
1149	462.0
1150	518.0
1151	590.0
1152	565.0
1153	571.0
1154	543.0
1155	655.0
1156	698.0
1157	798.0
1158	821.0
1159	796.0
1160	781.0
1161	658.0
1162	639.0
1163	539.0
1164	479.0
1165	501.0
1166	504.0
1167	532.0
1168	539.0
1169	525.0
1170	524.0
1171	479.0
1172	439.0
1173	297.0
1174	233.0
1175	163.0
1176	105.0
1177	72.0
1178	51.0
1179	59.0
1180	79.0
1181	50.0
1182	50.0
1183	73.0
1184	168.0
1185	270.0
1186	328.0
1187	479.0
1188	709.0
1189	935.0
1190	1049.0
1191	1189.0
1192	1181.0
1193	1380.0
1194	1683.0
1195	2080.0
1196	2276.0
1197	2477.0
1198	2628.0
1199	2768.0
1200	2824.0
1201	2874.0
1202	2895.0
1203	2874.0
1204	2684.0
1205	2532.0
1206	2534.0
1207	2297.0
1208	2016.0
1209	1953.0
1210	2174.0
1211	2320.0
1212	2433.0
1213	2497.0
1214	2622.0
1215	2320.0
1216	2058.0
1217	2028.0
1218	2206.0
1219	2553.0
1220	2652.0
1221	2677.0
1222	2724.0
1223	2588.0
1224	2411.0
1225	2400.0
1226	2218.0
1227	2090.0
1228	2036.0
1229	1851.0
1230	1698.0
1231	1974.0
1232	2437.0
1233	2596.0
1234	2593.0
1235	2514.0
1236	2628.0
1237	2711.0
1238	2678.0
1239	2763.0
1240	2791.0
1241	2775.0
1242	2807.0
1243	2820.0
1244	2726.0
1245	2709.0
1246	2705.0
1247	2687.0
1248	2663.0
1249	2671.0
1250	2505.0
1251	2145.0
1252	1592.0
1253	1263.0
1254	1191.0
1255	1112.0
1256	934.0
1257	1158.0
1258	1122.0
1259	1233.0
1260	1279.0
1261	1209.0
1262	1179.0
1263	1123.0
1264	1068.0
1265	857.0
1266	742.0
1267	675.0
1268	577.0
1269	449.0
1270	434.0
1271	443.0
1272	499.0
1273	404.0
1274	327.0
1275	393.0
1276	428.0
1277	436.0
1278	525.0
1279	506.0
1280	490.0
1281	676.0
1282	618.0
1283	806.0
1284	1199.0
1285	1394.0
1286	1512.0
1287	1428.0
1288	1511.0
1289	1307.0
1290	1097.0
1291	1074.0
1292	890.0
1293	746.0
1294	496.0
1295	452.0
1296	501.0
1297	520.0
1298	479.0
1299	380.0
1300	470.0
1301	332.0
1302	390.0
1303	335.0
1304	331.0
1305	314.0
1306	320.0
1307	401.0
1308	360.0
1309	222.0
1310	190.0
1311	240.0
1312	91.0
1313	103.0
1314	150.0
1315	175.0
1316	197.0
1317	216.0
1318	305.0
1319	308.0
1320	342.0
1321	415.0
1322	336.0
1323	348.0
1324	417.0
1325	429.0
1326	393.0
1327	297.0
1328	336.0
1329	349.0
1330	465.0
1331	591.0
1332	628.0
1333	743.0
1334	707.0
1335	562.0
1336	585.0
1337	463.0
1338	419.0
1339	374.0
1340	295.0
1341	273.0
1342	233.0
1343	251.0
1344	265.0
1345	251.0
1346	233.0
1347	265.0
1348	146.0
1349	135.0
1350	133.0
1351	126.0
1352	143.0
1353	99.0
1354	84.0
1355	58.0
1356	38.0
1357	23.0
1358	23.0
1359	39.0
1360	49.0
1361	83.0
1362	140.0
1363	210.0
1364	279.0
1365	318.0
1366	331.0
1367	352.0
1368	334.0
1369	364.0
1370	373.0
1371	439.0
1372	433.0
1373	447.0
1374	477.0
1375	545.0
1376	488.0
1377	420.0
1378	456.0
1379	736.0
1380	987.0
1381	1168.0
1382	1402.0
1383	1486.0
1384	1320.0
1385	1237.0
1386	1368.0
1387	1372.0
1388	1234.0
1389	1290.0
1390	1234.0
1391	964.0
1392	900.0
1393	849.0
1394	741.0
1395	674.0
1396	663.0
1397	594.0
1398	569.0
1399	516.0
1400	448.0
1401	425.0
1402	589.0
1403	784.0
1404	1037.0
1405	1268.0
1406	1610.0
1407	1663.0
1408	1398.0
1409	1252.0
1410	1132.0
1411	958.0
1412	887.0
1413	835.0
1414	787.0
1415	729.0
1416	642.0
1417	623.0
1418	626.0
1419	654.0
1420	642.0
1421	703.0
1422	618.0
1423	597.0
1424	433.0
1425	380.0
1426	504.0
1427	508.0
1428	399.0
1429	295.0
1430	254.0
1431	280.0
1432	343.0
1433	348.0
1434	375.0
1435	350.0
1436	299.0
1437	266.0
1438	161.0
1439	160.0
1440	167.0
1441	227.0
1442	275.0
1443	414.0
1444	682.0
1445	924.0
1446	1134.0
1447	1219.0
1448	1301.0
1449	1518.0
1450	1868.0
1451	2137.0
1452	2356.0
1453	2600.0
1454	2693.0
1455	2700.0
1456	2722.0
1457	2605.0
1458	2420.0
1459	2345.0
1460	2259.0
1461	2259.0
1462	2246.0
1463	2146.0
1464	1991.0
1465	2111.0
1466	2221.0
1467	2100.0
1468	1761.0
1469	1650.0
1470	1739.0
1471	1400.0
1472	1474.0
1473	1534.0
1474	1803.0
1475	1703.0
1476	1817.0
1477	1320.0
1478	913.0
1479	827.0
1480	881.0
1481	698.0
1482	968.0
1483	963.0
1484	927.0
1485	716.0
1486	621.0
1487	530.0
1488	458.0
1489	469.0
1490	511.0
1491	339.0
1492	307.0
1493	249.0
1494	265.0
1495	312.0
1496	215.0
1497	310.0
1498	365.0
1499	403.0
1500	577.0
1501	745.0
1502	650.0
1503	389.0
1504	242.0
1505	136.0
1506	164.0
1507	279.0
1508	458.0
1509	553.0
1510	840.0
1511	935.0
1512	1071.0
1513	1302.0
1514	1570.0
1515	1793.0
1516	1906.0
1517	2151.0
1518	2151.0
1519	2108.0
1520	2097.0
1521	1785.0
1522	1528.0
1523	1412.0
1524	1136.0
1525	842.0
1526	666.0
1527	498.0
1528	339.0
1529	301.0
1530	279.0
1531	197.0
1532	160.0
1533	128.0
1534	83.0
1535	57.0
1536	44.0
1537	30.0
1538	17.0
1539	10.0
1540	13.0
1541	60.0
1542	95.0
1543	80.0
1544	86.0
1545	66.0
1546	59.0
1547	85.0
1548	156.0
1549	150.0
1550	130.0
1551	96.0
1552	90.0
1553	53.0
1554	61.0
1555	50.0
1556	34.0
1557	44.0
1558	61.0
1559	93.0
1560	124.0
1561	126.0
1562	85.0
1563	74.0
1564	122.0
1565	154.0
1566	140.0
1567	150.0
1568	166.0
1569	185.0
1570	231.0
1571	264.0
1572	406.0
1573	594.0
1574	690.0
1575	498.0
1576	441.0
1577	471.0
1578	440.0
1579	345.0
1580	185.0
1581	206.0
1582	245.0
1583	279.0
1584	158.0
1585	140.0
1586	269.0
1587	135.0
1588	75.0
1589	185.0
1590	154.0
1591	136.0
1592	94.0
1593	48.0
1594	57.0
1595	84.0
1596	70.0
1597	86.0
1598	79.0
1599	71.0
1600	101.0
1601	109.0
1602	139.0
1603	142.0
1604	155.0
1605	178.0
1606	128.0
1607	71.0
1608	61.0
1609	100.0
1610	223.0
1611	220.0
1612	247.0
1613	223.0
1614	282.0
1615	257.0
1616	223.0
1617	235.0
1618	234.0
1619	326.0
1620	346.0
1621	243.0
1622	277.0
1623	235.0
1624	241.0
1625	332.0
1626	489.0
1627	748.0
1628	1053.0
1629	1179.0
1630	1330.0
1631	1608.0
1632	1687.0
1633	1767.0
1634	1903.0
1635	1963.0
1636	2101.0
1637	2244.0
1638	2396.0
1639	2441.0
1640	2379.0
1641	2298.0
1642	2287.0
1643	2205.0
1644	2147.0
1645	2098.0
1646	1956.0
1647	1724.0
1648	1335.0
1649	1075.0
1650	1078.0
1651	1021.0
1652	935.0
1653	1009.0
1654	961.0
1655	775.0
1656	673.0
1657	687.0
1658	699.0
1659	618.0
1660	550.0
1661	588.0
1662	656.0
1663	608.0
1664	410.0
1665	347.0
1666	405.0
1667	388.0
1668	372.0
1669	411.0
1670	464.0
1671	427.0
1672	473.0
1673	569.0
1674	584.0
1675	607.0
1676	699.0
1677	766.0
1678	687.0
1679	585.0
1680	501.0
1681	457.0
1682	403.0
1683	414.0
1684	467.0
1685	329.0
1686	268.0
1687	310.0
1688	248.0
1689	198.0
1690	191.0
1691	217.0
1692	261.0
1693	283.0
1694	279.0
1695	307.0
1696	347.0
1697	277.0
1698	216.0
1699	302.0
1700	496.0
1701	349.0
1702	300.0
1703	282.0
1704	290.0
1705	292.0
1706	226.0
1707	242.0
1708	388.0
1709	492.0
1710	544.0
1711	435.0
1712	253.0
1713	174.0
1714	158.0
1715	107.0
1716	73.0
1717	69.0
1718	92.0
1719	162.0
1720	277.0
1721	311.0
1722	366.0
1723	335.0
1724	473.0
1725	638.0
1726	520.0
1727	606.0
1728	619.0
1729	634.0
1730	608.0
1731	550.0
1732	529.0
1733	783.0
1734	961.0
1735	865.0
1736	703.0
1737	744.0
1738	670.0
1739	666.0
1740	663.0
1741	754.0
1742	767.0
1743	841.0
1744	877.0
1745	944.0
1746	1089.0
1747	1154.0
1748	1205.0
1749	1310.0
1750	1273.0
1751	1239.0
1752	1130.0
1753	1066.0
1754	946.0
1755	1026.0
1756	1105.0
1757	1071.0
1758	1003.0
1759	859.0
1760	679.0
1761	532.0
1762	524.0
1763	573.0
1764	757.0
1765	875.0
1766	1028.0
1767	1071.0
1768	1053.0
1769	1003.0
1770	911.0
1771	774.0
1772	611.0
1773	427.0
1774	298.0
1775	255.0
1776	186.0
1777	161.0
1778	144.0
1779	137.0
1780	158.0
1781	145.0
1782	143.0
1783	219.0
1784	214.0
1785	304.0
1786	455.0
1787	550.0
1788	672.0
1789	692.0
1790	702.0
1791	605.0
1792	606.0
1793	673.0
1794	857.0
1795	867.0
1796	956.0
1797	1115.0
1798	1005.0
1799	1179.0
1800	1175.0
1801	1147.0
1802	1185.0
1803	1236.0
1804	1232.0
1805	1314.0
1806	1319.0
1807	1177.0
1808	1080.0
1809	1186.0
1810	1694.0
1811	1831.0
1812	1918.0
1813	1982.0
1814	2004.0
1815	2052.0
1816	1833.0
1817	1389.0
1818	1133.0
1819	1089.0
1820	977.0
1821	853.0
1822	872.0
1823	850.0
1824	779.0
1825	693.0
1826	653.0
1827	544.0
1828	517.0
1829	481.0
1830	434.0
1831	288.0
1832	152.0
1833	115.0
1834	192.0
1835	214.0
1836	253.0
1837	328.0
1838	476.0
1839	617.0
1840	650.0
1841	663.0
1842	664.0
1843	559.0
1844	456.0
1845	437.0
1846	363.0
1847	283.0
1848	259.0
1849	290.0
1850	309.0
1851	311.0
1852	333.0
1853	332.0
1854	307.0
1855	327.0
1856	341.0
1857	346.0
1858	310.0
1859	321.0
1860	327.0
1861	309.0
1862	391.0
1863	503.0
1864	604.0
1865	584.0
1866	502.0
1867	531.0
1868	638.0
1869	709.0
1870	872.0
1871	996.0
1872	989.0
1873	959.0
1874	978.0
1875	935.0
1876	887.0
1877	853.0
1878	707.0
1879	581.0
1880	491.0
1881	501.0
1882	546.0
1883	532.0
1884	542.0
1885	578.0
1886	661.0
1887	703.0
1888	689.0
1889	674.0
1890	692.0
1891	584.0
1892	585.0
1893	601.0
1894	543.0
1895	493.0
1896	414.0
1897	420.0
1898	498.0
1899	502.0
1900	447.0
1901	457.0
1902	464.0
1903	393.0
1904	482.0
1905	641.0
1906	805.0
1907	918.0
1908	967.0
1909	989.0
1910	1018.0
1911	879.0
1912	906.0
1913	968.0
1914	948.0
1915	864.0
1916	858.0
1917	850.0
1918	895.0
1919	933.0
1920	822.0
1921	918.0
1922	973.0
1923	979.0
1924	895.0
1925	746.0
1926	614.0
1927	570.0
1928	549.0
1929	504.0
1930	479.0
1931	592.0
1932	756.0
1933	855.0
1934	1055.0
1935	1190.0
1936	1080.0
1937	1006.0
1938	934.0
1939	770.0
1940	666.0
1941	757.0
1942	711.0
1943	808.0
1944	823.0
1945	999.0
1946	1085.0
1947	1171.0
1948	1152.0
1949	993.0
1950	883.0
1951	652.0
1952	453.0
1953	418.0
1954	423.0
1955	481.0
1956	690.0
1957	823.0
1958	934.0
1959	810.0
1960	629.0
1961	544.0
1962	547.0
1963	549.0
1964	587.0
1965	583.0
1966	525.0
1967	521.0
1968	688.0
1969	717.0
1970	746.0
1971	716.0
1972	671.0
1973	640.0
1974	629.0
1975	457.0
1976	464.0
1977	503.0
1978	569.0
1979	551.0
1980	591.0
1981	564.0
1982	574.0
1983	536.0
1984	499.0
1985	422.0
1986	366.0
1987	233.0
1988	137.0
1989	111.0
1990	81.0
1991	39.0
1992	8.0
1993	22.0
1994	61.0
1995	72.0
1996	111.0
1997	165.0
1998	232.0
1999	290.0
2000	299.0
2001	429.0
2002	558.0
2003	640.0
2004	775.0
2005	893.0
2006	1005.0
2007	990.0
2008	1024.0
2009	983.0
2010	846.0
2011	892.0
2012	1097.0
2013	1169.0
2014	1468.0
2015	1805.0
2016	1911.0
2017	1874.0
2018	1845.0
2019	1798.0
2020	1769.0
2021	1750.0
2022	1582.0
2023	1380.0
2024	1054.0
2025	990.0
2026	1099.0
2027	1161.0
2028	1358.0
2029	1470.0
2030	1662.0
2031	1231.0
2032	683.0
2033	306.0
2034	354.0
2035	291.0
2036	165.0
2037	85.0
2038	46.0
2039	79.0
2040	154.0
2041	303.0
2042	619.0
2043	764.0
2044	1039.0
2045	1203.0
2046	1340.0
2047	1531.0
2048	1712.0
2049	1963.0
2050	2149.0
2051	2288.0
2052	2548.0
2053	2456.0
2054	2591.0
2055	2568.0
2056	2441.0
2057	2308.0
2058	2204.0
2059	2268.0
2060	2679.0
2061	2620.0
2062	2767.0
2063	2771.0
2064	2250.0
2065	1552.0
2066	1237.0
2067	1067.0
2068	1064.0
2069	1613.0
2070	1576.0
2071	1748.0
2072	1914.0
2073	2244.0
2074	2353.0
2075	2184.0
2076	2230.0
2077	2197.0
2078	2223.0
2079	2151.0
2080	1891.0
2081	1374.0
2082	1515.0
2083	1520.0
2084	1656.0
2085	1942.0
2086	2139.0
2087	2229.0
2088	2286.0
2089	2481.0
2090	2699.0
2091	2812.0
2092	2879.0
2093	2889.0
2094	2823.0
2095	2811.0
2096	2709.0
2097	2606.0
2098	2565.0
2099	2493.0
2100	2675.0
2101	2764.0
2102	2904.0
2103	2762.0
2104	2896.0
2105	2678.0
2106	2367.0
2107	2151.0
2108	2076.0
2109	2109.0
2110	2051.0
2111	1937.0
2112	1893.0
2113	1813.0
2114	1821.0
2115	1918.0
2116	1932.0
2117	1832.0
2118	1788.0
2119	1781.0
2120	1868.0
2121	1927.0
2122	1886.0
2123	2154.0
2124	2450.0
2125	2542.0
2126	2439.0
2127	2399.0
2128	2283.0
2129	1862.0
2130	1484.0
2131	1064.0
2132	840.0
2133	1003.0
2134	875.0
2135	1191.0
2136	1684.0
2137	2031.0
2138	2090.0
2139	1773.0
2140	1484.0
2141	1380.0
2142	1426.0
2143	1594.0
2144	1919.0
2145	2083.0
2146	2191.0
2147	2146.0
2148	1885.0
2149	1697.0
2150	1431.0
2151	1147.0
2152	796.0
2153	527.0
2154	338.0
2155	196.0
2156	163.0
2157	123.0
2158	73.0
2159	64.0
2160	52.0
2161	37.0
2162	45.0
2163	23.0
2164	4.0
2165	0.0
2166	0.0
2167	0.0
2168	5.0
2169	17.0
2170	30.0
2171	61.0
2172	173.0
2173	352.0
2174	650.0
2175	989.0
2176	1014.0
2177	932.0
2178	948.0
2179	997.0
2180	1033.0
2181	877.0
2182	778.0
2183	764.0
2184	712.0
2185	730.0
2186	538.0
2187	319.0
2188	229.0
2189	192.0
2190	135.0
2191	40.0
2192	18.0
2193	1.0
2194	4.0
2195	1.0
2196	3.0
2197	8.0
2198	29.0
2199	46.0
2200	79.0
2201	104.0
2202	138.0
2203	170.0
2204	371.0
2205	523.0
2206	464.0
2207	419.0
2208	399.0
2209	463.0
2210	403.0
2211	295.0
2212	217.0
2213	175.0
2214	161.0
2215	77.0
2216	33.0
2217	35.0
2218	72.0
2219	66.0
2220	75.0
2221	63.0
2222	54.0
2223	81.0
2224	167.0
2225	280.0
2226	409.0
2227	568.0
2228	765.0
2229	734.0
2230	1016.0
2231	1151.0
2232	1214.0
2233	1333.0
2234	1269.0
2235	1109.0
2236	799.0
2237	714.0
2238	724.0
2239	633.0
2240	525.0
2241	415.0
2242	391.0
2243	294.0
2244	220.0
2245	180.0
2246	95.0
2247	32.0
2248	33.0
2249	107.0
2250	320.0
2251	662.0
2252	796.0
2253	865.0
2254	704.0
2255	459.0
2256	503.0
2257	451.0
2258	480.0
2259	622.0
2260	567.0
2261	516.0
2262	481.0
2263	677.0
2264	741.0
2265	768.0
2266	1604.0
2267	1559.0
2268	1418.0
2269	1156.0
2270	802.0
2271	456.0
2272	226.0
2273	125.0
2274	89.0
2275	94.0
2276	166.0
2277	187.0
2278	151.0
2279	110.0
2280	97.0
2281	95.0
2282	109.0
2283	112.0
2284	214.0
2285	213.0
2286	197.0
2287	312.0
2288	196.0
2289	107.0
2290	133.0
2291	285.0
2292	437.0
2293	652.0
2294	962.0
2295	1006.0
2296	922.0
2297	707.0
2298	624.0
2299	615.0
2300	653.0
2301	592.0
2302	609.0
2303	812.0
2304	989.0
2305	1100.0
2306	1037.0
2307	978.0
2308	1114.0
2309	1287.0
2310	1387.0
2311	1667.0
2312	2011.0
2313	2311.0
2314	2467.0
2315	2574.0
2316	2605.0
2317	2673.0
2318	2698.0
2319	2664.0
2320	2677.0
2321	2472.0
2322	2129.0
2323	1868.0
2324	1664.0
2325	1894.0
2326	2160.0
2327	2122.0
2328	2176.0
2329	2088.0
2330	1958.0
2331	1846.0
2332	1760.0
2333	1749.0
2334	1865.0
2335	1813.0
2336	1998.0
2337	1968.0
2338	2010.0
2339	2022.0
2340	2050.0
2341	2003.0
2342	1954.0
2343	1876.0
2344	1503.0
2345	1317.0
2346	1055.0
2347	838.0
2348	689.0
2349	694.0
2350	624.0
2351	569.0
2352	425.0
2353	360.0
2354	261.0
2355	203.0
2356	164.0
2357	104.0
2358	63.0
2359	52.0
2360	70.0
2361	109.0
2362	125.0
2363	92.0
2364	146.0
2365	176.0
2366	109.0
2367	56.0
2368	31.0
2369	0.0
2370	0.0
2371	0.0
2372	10.0
2373	64.0
2374	122.0
2375	222.0
2376	319.0
2377	352.0
2378	301.0
2379	302.0
2380	270.0
2381	372.0
2382	383.0
2383	307.0
2384	353.0
2385	387.0
2386	517.0
2387	682.0
2388	612.0
2389	528.0
2390	581.0
2391	576.0
2392	522.0
2393	513.0
2394	659.0
2395	779.0
2396	902.0
2397	925.0
2398	878.0
2399	615.0
2400	363.0
2401	256.0
2402	217.0
2403	216.0
2404	208.0
2405	112.0
2406	44.0
2407	11.0
2408	0.0
2409	2.0
2410	11.0
2411	44.0
2412	122.0
2413	270.0
2414	430.0
2415	555.0
2416	796.0
2417	1107.0
2418	1344.0
2419	1682.0
2420	1755.0
2421	1841.0
2422	1773.0
2423	1720.0
2424	1575.0
2425	1612.0
2426	1808.0
2427	1979.0
2428	2021.0
2429	2056.0
2430	1846.0
2431	1756.0
2432	1764.0
2433	1795.0
2434	1803.0
2435	1826.0
2436	1859.0
2437	1847.0
2438	1834.0
2439	1737.0
2440	1557.0
2441	1342.0
2442	1330.0
2443	1207.0
2444	1251.0
2445	1261.0
2446	1214.0
2447	1001.0
2448	707.0
2449	475.0
2450	689.0
2451	842.0
2452	722.0
2453	686.0
2454	545.0
2455	566.0
2456	547.0
2457	435.0
2458	355.0
2459	261.0
2460	170.0
2461	68.0
2462	18.0
2463	49.0
2464	140.0
2465	31.0
2466	75.0
2467	496.0
2468	297.0
2469	265.0
2470	298.0
2471	342.0
2472	260.0
2473	270.0
2474	344.0
2475	431.0
2476	356.0
2477	218.0
2478	102.0
2479	52.0
2480	50.0
2481	33.0
2482	24.0
2483	27.0
2484	35.0
2485	39.0
2486	90.0
2487	131.0
2488	204.0
2489	236.0
2490	111.0
2491	60.0
2492	49.0
2493	22.0
2494	40.0
2495	64.0
2496	49.0
2497	60.0
2498	76.0
2499	19.0
2500	29.0
2501	30.0
2502	67.0
2503	75.0
2504	127.0
2505	166.0
2506	229.0
2507	263.0
2508	235.0
2509	172.0
2510	84.0
2511	27.0
2512	11.0
2513	29.0
2514	41.0
2515	94.0
2516	216.0
2517	355.0
2518	449.0
2519	481.0
2520	503.0
2521	495.0
2522	347.0
2523	259.0
2524	128.0
2525	148.0
2526	215.0
2527	333.0
2528	394.0
2529	350.0
2530	295.0
2531	247.0
2532	428.0
2533	622.0
2534	693.0
2535	690.0
2536	545.0
2537	462.0
2538	322.0
2539	240.0
2540	175.0
2541	435.0
2542	808.0
2543	1130.0
2544	1304.0
2545	1437.0
2546	1599.0
2547	2030.0
2548	2302.0
2549	2306.0
2550	2318.0
2551	2447.0
2552	2459.0
2553	2528.0
2554	2739.0
2555	2551.0
2556	2173.0
2557	1852.0
2558	1341.0
2559	930.0
2560	701.0
2561	674.0
2562	619.0
2563	499.0
2564	505.0
2565	521.0
2566	384.0
2567	435.0
2568	470.0
2569	537.0
2570	443.0
2571	453.0
2572	407.0
2573	393.0
2574	445.0
2575	486.0
2576	458.0
2577	467.0
2578	451.0
2579	568.0
2580	765.0
2581	709.0
2582	848.0
2583	648.0
2584	572.0
2585	480.0
2586	353.0
2587	276.0
2588	221.0
2589	164.0
2590	286.0
2591	560.0
2592	951.0
2593	1229.0
2594	1271.0
2595	1296.0
2596	1310.0
2597	1333.0
2598	1304.0
2599	1274.0
2600	1410.0
2601	1554.0
2602	1771.0
2603	1996.0
2604	2144.0
2605	2409.0
2606	2523.0
2607	2384.0
2608	2174.0
2609	1828.0
2610	1519.0
2611	1323.0
2612	1283.0
2613	1317.0
2614	1369.0
2615	1268.0
2616	1218.0
2617	1206.0
2618	1150.0
2619	1056.0
2620	947.0
2621	877.0
2622	677.0
2623	601.0
2624	532.0
2625	507.0
2626	588.0
2627	623.0
2628	831.0
2629	1029.0
2630	1107.0
2631	1129.0
2632	1020.0
2633	931.0
2634	783.0
2635	725.0
2636	547.0
2637	428.0
2638	318.0
2639	270.0
2640	226.0
2641	216.0
2642	231.0
2643	231.0
2644	215.0
2645	186.0
2646	130.0
2647	126.0
2648	117.0
2649	99.0
2650	106.0
2651	122.0
2652	140.0
2653	228.0
2654	405.0
2655	541.0
2656	599.0
2657	696.0
2658	774.0
2659	909.0
2660	988.0
2661	910.0
2662	838.0
2663	788.0
2664	743.0
2665	748.0
2666	722.0
2667	610.0
2668	568.0
2669	468.0
2670	352.0
2671	251.0
2672	236.0
2673	226.0
2674	231.0
2675	312.0
2676	411.0
2677	422.0
2678	460.0
2679	557.0
2680	749.0
2681	871.0
2682	999.0
2683	1051.0
2684	1046.0
2685	1014.0
2686	908.0
2687	690.0
2688	569.0
2689	614.0
2690	630.0
2691	578.0
2692	595.0
2693	676.0
2694	647.0
2695	698.0
2696	524.0
2697	338.0
2698	238.0
2699	259.0
2700	370.0
2701	648.0
2702	879.0
2703	963.0
2704	927.0
2705	855.0
2706	788.0
2707	796.0
2708	678.0
2709	556.0
2710	468.0
2711	461.0
2712	477.0
2713	423.0
2714	436.0
2715	476.0
2716	569.0
2717	478.0
2718	600.0
2719	877.0
2720	964.0
2721	995.0
2722	1515.0
2723	1766.0
2724	1965.0
2725	2039.0
2726	1897.0
2727	2031.0
2728	1752.0
2729	1364.0
2730	1163.0
2731	1243.0
2732	1344.0
2733	1271.0
2734	1269.0
2735	1074.0
2736	1080.0
2737	1111.0
2738	1111.0
2739	1026.0
2740	1277.0
2741	1209.0
2742	1332.0
2743	1409.0
2744	1661.0
2745	1604.0
2746	1909.0
2747	1774.0
2748	1983.0
2749	2093.0
2750	1967.0
2751	2076.0
2752	1889.0
2753	1803.0
2754	1532.0
2755	1209.0
2756	929.0
2757	919.0
2758	639.0
2759	456.0
2760	478.0
2761	504.0
2762	682.0
2763	881.0
2764	774.0
2765	1044.0
2766	1252.0
2767	1401.0
2768	1579.0
2769	1550.0
2770	1468.0
2771	1375.0
2772	1276.0
2773	1298.0
2774	1495.0
2775	1521.0
2776	1467.0
2777	1550.0
2778	1833.0
2779	1808.0
2780	1691.0
2781	1627.0
2782	1479.0
2783	1367.0
2784	1309.0
2785	1673.0
2786	2106.0
2787	2035.0
2788	1863.0
2789	1720.0
2790	1619.0
2791	1555.0
2792	1676.0
2793	1622.0
2794	1905.0
2795	1985.0
2796	2223.0
2797	2369.0
2798	2498.0
2799	2499.0
2800	2533.0
2801	2319.0
2802	2252.0
2803	2350.0
2804	1890.0
2805	1240.0
2806	1062.0
2807	1120.0
2808	1246.0
2809	1373.0
2810	1704.0
2811	1704.0
2812	1426.0
2813	1313.0
2814	1403.0
2815	1517.0
2816	1479.0
2817	1418.0
2818	1447.0
2819	1602.0
2820	1790.0
2821	1754.0
2822	1613.0
2823	1757.0
2824	1664.0
2825	1427.0
2826	1189.0
2827	860.0
2828	653.0
2829	368.0
2830	368.0
2831	360.0
2832	398.0
2833	359.0
2834	387.0
2835	382.0
2836	357.0
2837	243.0
2838	152.0
2839	116.0
2840	194.0
2841	596.0
2842	751.0
2843	349.0
2844	264.0
2845	317.0
2846	387.0
2847	408.0
2848	293.0
2849	255.0
2850	353.0
2851	507.0
2852	738.0
2853	923.0
2854	1440.0
2855	1710.0
2856	1842.0
2857	2088.0
2858	2399.0
2859	2455.0
2860	2253.0
2861	2060.0
2862	1703.0
2863	1603.0
2864	1646.0
2865	1891.0
2866	2282.0
2867	2288.0
2868	2223.0
2869	2258.0
2870	2138.0
2871	2088.0
2872	1806.0
2873	1579.0
2874	1422.0
2875	1489.0
2876	1581.0
2877	1449.0
2878	1370.0
2879	1118.0
2880	1053.0
2881	870.0
2882	675.0
2883	598.0
2884	431.0
2885	337.0
2886	296.0
2887	278.0
2888	212.0
2889	204.0
2890	265.0
2891	304.0
2892	425.0
2893	655.0
2894	679.0
2895	655.0
2896	674.0
2897	604.0
2898	503.0
2899	433.0
2900	488.0
2901	401.0
2902	280.0
2903	285.0
2904	383.0
2905	414.0
2906	429.0
2907	347.0
2908	216.0
2909	139.0
2910	74.0
2911	98.0
2912	112.0
2913	75.0
2914	113.0
2915	135.0
2916	125.0
2917	174.0
2918	267.0
2919	190.0
2920	130.0
2921	108.0
2922	72.0
2923	83.0
2924	44.0
2925	40.0
2926	40.0
2927	70.0
2928	115.0
2929	143.0
2930	239.0
2931	350.0
2932	434.0
2933	503.0
2934	464.0
2935	447.0
2936	622.0
2937	769.0
2938	786.0
2939	894.0
2940	945.0
2941	970.0
2942	1128.0
2943	1339.0
2944	1280.0
2945	1115.0
2946	1060.0
2947	943.0
2948	1179.0
2949	1447.0
2950	1570.0
2951	1357.0
2952	1246.0
2953	690.0
2954	727.0
2955	1149.0
2956	1343.0
2957	1355.0
2958	1468.0
2959	1429.0
2960	1136.0
2961	912.0
2962	820.0
2963	766.0
2964	640.0
2965	594.0
2966	561.0
2967	596.0
2968	512.0
2969	293.0
2970	127.0
2971	85.0
2972	104.0
2973	131.0
2974	118.0
2975	110.0
2976	129.0
2977	120.0
2978	137.0
2979	112.0
2980	104.0
2981	73.0
2982	37.0
2983	26.0
2984	35.0
2985	58.0
2986	64.0
2987	45.0
2988	32.0
2989	37.0
2990	30.0
2991	27.0
2992	36.0
2993	87.0
2994	145.0
2995	235.0
2996	346.0
2997	399.0
2998	579.0
2999	758.0
3000	968.0
3001	1090.0
3002	1065.0
3003	1114.0
3004	1044.0
3005	828.0
3006	562.0
3007	481.0
3008	469.0
3009	506.0
3010	516.0
3011	383.0
3012	362.0
3013	312.0
3014	331.0
3015	365.0
3016	381.0
3017	430.0
3018	428.0
3019	696.0
3020	886.0
3021	984.0
3022	1047.0
3023	1103.0
3024	1071.0
3025	949.0
3026	913.0
3027	966.0
3028	991.0
3029	812.0
3030	413.0
3031	266.0
3032	294.0
3033	440.0
3034	768.0
3035	908.0
3036	856.0
3037	728.0
3038	555.0
3039	490.0
3040	450.0
3041	297.0
3042	281.0
3043	438.0
3044	543.0
3045	772.0
3046	856.0
3047	910.0
3048	751.0
3049	542.0
3050	492.0
3051	487.0
3052	523.0
3053	520.0
3054	366.0
3055	236.0
3056	201.0
3057	227.0
3058	478.0
3059	694.0
3060	619.0
3061	445.0
3062	405.0
3063	398.0
3064	485.0
3065	549.0
3066	663.0
3067	880.0
3068	1223.0
3069	1462.0
3070	1539.0
3071	1469.0
3072	1464.0
3073	1424.0
3074	1344.0
3075	1303.0
3076	1336.0
3077	1249.0
3078	1049.0
3079	824.0
3080	821.0
3081	1156.0
3082	1716.0
3083	1938.0
3084	1691.0
3085	1659.0
3086	1715.0
3087	1948.0
3088	1962.0
3089	1623.0
3090	1436.0
3091	1623.0
3092	1836.0
3093	1974.0
3094	1938.0
3095	1916.0
3096	1899.0
3097	1764.0
3098	1701.0
3099	1751.0
3100	1850.0
3101	1791.0
3102	1636.0
3103	1537.0
3104	1553.0
3105	1654.0
3106	1835.0
3107	1796.0
3108	1802.0
3109	1711.0
3110	1609.0
3111	1507.0
3112	1427.0
3113	1156.0
3114	1065.0
3115	1211.0
3116	1476.0
3117	1576.0
3118	1650.0
3119	1570.0
3120	1436.0
3121	1279.0
3122	1030.0
3123	806.0
3124	766.0
3125	698.0
3126	654.0
3127	559.0
3128	616.0
3129	698.0
3130	799.0
3131	787.0
3132	642.0
3133	448.0
3134	374.0
3135	283.0
3136	194.0
3137	367.0
3138	519.0
3139	512.0
3140	376.0
3141	339.0
3142	494.0
3143	531.0
3144	592.0
3145	535.0
3146	471.0
3147	508.0
3148	502.0
3149	326.0
3150	237.0
3151	183.0
3152	169.0
3153	233.0
3154	350.0
3155	441.0
3156	532.0
3157	596.0
3158	675.0
3159	772.0
3160	937.0
3161	1023.0
3162	1326.0
3163	1593.0
3164	1724.0
3165	1570.0
3166	1527.0
3167	1614.0
3168	1731.0
3169	1816.0
3170	1709.0
3171	1694.0
3172	1632.0
3173	1467.0
3174	1226.0
3175	1051.0
3176	1117.0
3177	1523.0
3178	1855.0
3179	2023.0
3180	2068.0
3181	2146.0
3182	2078.0
3183	1957.0
3184	1882.0
3185	1661.0
3186	1694.0
3187	1787.0
3188	1727.0
3189	1631.0
3190	1551.0
3191	1540.0
3192	1306.0
3193	1136.0
3194	1085.0
3195	1111.0
3196	1067.0
3197	875.0
3198	650.0
3199	600.0
3200	804.0
3201	1005.0
3202	1323.0
3203	1632.0
3204	1982.0
3205	2203.0
3206	2270.0
3207	2292.0
3208	2422.0
3209	2321.0
3210	2361.0
3211	2317.0
3212	2086.0
3213	1984.0
3214	2123.0
3215	1852.0
3216	1741.0
3217	1691.0
3218	1794.0
3219	1782.0
3220	1765.0
3221	1754.0
3222	1680.0
3223	1823.0
3224	2034.0
3225	2073.0
3226	2127.0
3227	2209.0
3228	2331.0
3229	2530.0
3230	2435.0
3231	2482.0
3232	2628.0
3233	2346.0
3234	2377.0
3235	2337.0
3236	2241.0
3237	2152.0
3238	1933.0
3239	1681.0
3240	1800.0
3241	1708.0
3242	1748.0
3243	1755.0
3244	1865.0
3245	1954.0
3246	2006.0
3247	1920.0
3248	2071.0
3249	2024.0
3250	2006.0
3251	2005.0
3252	1940.0
3253	1910.0
3254	1782.0
3255	1581.0
3256	1526.0
3257	1256.0
3258	999.0
3259	787.0
3260	680.0
3261	505.0
3262	376.0
3263	488.0
3264	555.0
3265	504.0
3266	555.0
3267	540.0
3268	407.0
3269	326.0
3270	365.0
3271	340.0
3272	391.0
3273	384.0
3274	567.0
3275	560.0
3276	797.0
3277	714.0
3278	783.0
3279	713.0
3280	919.0
3281	782.0
3282	602.0
3283	606.0
3284	561.0
3285	527.0
3286	472.0
3287	447.0
3288	400.0
3289	463.0
3290	405.0
3291	353.0
3292	277.0
3293	247.0
3294	186.0
3295	135.0
3296	129.0
3297	133.0
3298	186.0
3299	296.0
3300	305.0
3301	339.0
3302	305.0
3303	234.0
3304	241.0
3305	421.0
3306	453.0
3307	360.0
3308	358.0
3309	533.0
3310	885.0
3311	1040.0
3312	1137.0
3313	1044.0
3314	1103.0
3315	1133.0
3316	1134.0
3317	874.0
3318	712.0
3319	669.0
3320	589.0
3321	528.0
3322	390.0
3323	342.0
3324	273.0
3325	286.0
3326	257.0
3327	292.0
3328	168.0
3329	242.0
3330	206.0
3331	194.0
3332	119.0
3333	149.0
3334	177.0
3335	227.0
3336	149.0
3337	57.0
3338	41.0
3339	33.0
3340	18.0
3341	20.0
3342	27.0
3343	24.0
3344	9.0
3345	24.0
3346	67.0
3347	212.0
3348	330.0
3349	439.0
3350	512.0
3351	501.0
3352	393.0
3353	422.0
3354	334.0
3355	304.0
3356	482.0
3357	892.0
3358	1294.0
3359	1422.0
3360	1656.0
3361	1748.0
3362	1803.0
3363	1770.0
3364	1649.0
3365	1598.0
3366	1639.0
3367	1584.0
3368	1372.0
3369	1221.0
3370	1115.0
3371	1110.0
3372	1326.0
3373	1279.0
3374	1261.0
3375	1116.0
3376	939.0
3377	820.0
3378	577.0
3379	615.0
3380	781.0
3381	721.0
3382	779.0
3383	836.0
3384	851.0
3385	1020.0
3386	1170.0
3387	1208.0
3388	1203.0
3389	1166.0
3390	1186.0
3391	1278.0
3392	1346.0
3393	1380.0
3394	1457.0
3395	1492.0
3396	1565.0
3397	1633.0
3398	1548.0
3399	1213.0
3400	909.0
3401	730.0
3402	449.0
3403	569.0
3404	691.0
3405	987.0
3406	1435.0
3407	1112.0
3408	734.0
3409	587.0
3410	496.0
3411	509.0
3412	514.0
3413	510.0
3414	351.0
3415	344.0
3416	333.0
3417	502.0
3418	334.0
3419	330.0
3420	421.0
3421	341.0
3422	188.0
3423	162.0
3424	172.0
3425	152.0
3426	165.0
3427	229.0
3428	266.0
3429	344.0
3430	439.0
3431	593.0
3432	897.0
3433	1087.0
3434	1299.0
3435	1426.0
3436	1420.0
3437	1429.0
3438	1374.0
3439	1504.0
3440	1896.0
3441	2183.0
3442	2347.0
3443	2400.0
3444	2371.0
3445	2272.0
3446	2241.0
3447	2028.0
3448	1796.0
3449	1554.0
3450	1516.0
3451	1656.0
3452	1919.0
3453	1661.0
3454	1730.0
3455	1538.0
3456	1406.0
3457	1223.0
3458	1100.0
3459	1133.0
3460	1240.0
3461	1365.0
3462	1546.0
3463	1646.0
3464	1574.0
3465	1619.0
3466	1479.0
3467	1449.0
3468	1535.0
3469	1508.0
3470	1451.0
3471	1282.0
3472	1119.0
3473	940.0
3474	784.0
3475	591.0
3476	461.0
3477	315.0
3478	220.0
3479	151.0
3480	126.0
3481	107.0
3482	91.0
3483	53.0
3484	26.0
3485	3.0
3486	4.0
3487	2.0
3488	5.0
3489	13.0
3490	22.0
3491	19.0
3492	32.0
3493	62.0
3494	50.0
3495	27.0
3496	18.0
3497	26.0
3498	19.0
3499	5.0
3500	7.0
3501	28.0
3502	7.0
3503	7.0
3504	1.0
3505	1.0
3506	1.0
3507	3.0
3508	3.0
3509	5.0
3510	3.0
3511	2.0
3512	3.0
3513	13.0
3514	19.0
3515	25.0
3516	31.0
3517	47.0
3518	82.0
3519	137.0
3520	215.0
3521	265.0
3522	286.0
3523	374.0
3524	509.0
3525	602.0
3526	676.0
3527	693.0
3528	614.0
3529	550.0
3530	491.0
3531	496.0
3532	535.0
3533	405.0
3534	279.0
3535	247.0
3536	226.0
3537	272.0
3538	314.0
3539	367.0
3540	405.0
3541	446.0
3542	557.0
3543	683.0
3544	796.0
3545	793.0
3546	641.0
3547	548.0
3548	541.0
3549	543.0
3550	541.0
3551	596.0
3552	489.0
3553	380.0
3554	297.0
3555	290.0
3556	255.0
3557	154.0
3558	89.0
3559	58.0
3560	84.0
3561	121.0
3562	153.0
3563	227.0
3564	281.0
3565	402.0
3566	599.0
3567	707.0
3568	836.0
3569	853.0
3570	896.0
3571	796.0
3572	764.0
3573	936.0
3574	1056.0
3575	1033.0
3576	962.0
3577	1005.0
3578	938.0
3579	783.0
3580	749.0
3581	674.0
3582	570.0
3583	580.0
3584	721.0
3585	899.0
3586	1223.0
3587	1324.0
3588	1340.0
3589	1241.0
3590	1262.0
3591	1384.0
3592	1510.0
3593	1466.0
3594	1478.0
3595	1551.0
3596	1498.0
3597	1371.0
3598	1516.0
3599	1529.0
3600	1599.0
3601	1670.0
3602	1630.0
3603	1663.0
3604	1687.0
3605	1748.0
3606	1868.0
3607	1905.0
3608	1997.0
3609	1970.0
3610	2000.0
3611	2162.0
3612	2347.0
3613	2331.0
3614	2521.0
3615	2622.0
3616	2389.0
3617	2148.0
3618	2019.0
3619	1371.0
3620	1743.0
3621	1721.0
3622	1489.0
3623	1279.0
3624	1170.0
3625	1011.0
3626	906.0
3627	794.0
3628	594.0
3629	413.0
3630	301.0
3631	282.0
3632	286.0
3633	319.0
3634	384.0
3635	360.0
3636	335.0
3637	321.0
3638	267.0
3639	228.0
3640	176.0
3641	152.0
3642	154.0
3643	231.0
3644	249.0
3645	224.0
3646	250.0
3647	215.0
3648	249.0
3649	370.0
3650	373.0
3651	431.0
3652	480.0
3653	520.0
3654	621.0
3655	691.0
3656	696.0
3657	718.0
3658	851.0
3659	1069.0
3660	1242.0
3661	1440.0
3662	1922.0
3663	2314.0
3664	2473.0
3665	2357.0
3666	2295.0
3667	2261.0
3668	2256.0
3669	2342.0
3670	2445.0
3671	2355.0
3672	2310.0
3673	2383.0
3674	2508.0
3675	2414.0
3676	2103.0
3677	1985.0
3678	1935.0
3679	1808.0
3680	1712.0
3681	1631.0
3682	1563.0
3683	1420.0
3684	1555.0
3685	1743.0
3686	1804.0
3687	1798.0
3688	1591.0
3689	1408.0
3690	1384.0
3691	1379.0
3692	1135.0
3693	836.0
3694	652.0
3695	510.0
3696	373.0
3697	295.0
3698	238.0
3699	195.0
3700	165.0
3701	139.0
3702	89.0
3703	57.0
3704	38.0
3705	31.0
3706	30.0
3707	55.0
3708	90.0
3709	115.0
3710	181.0
3711	279.0
3712	329.0
3713	259.0
3714	225.0
3715	268.0
3716	305.0
3717	303.0
3718	325.0
3719	346.0
3720	408.0
3721	416.0
3722	332.0
3723	286.0
3724	230.0
3725	139.0
3726	76.0
3727	38.0
3728	29.0
3729	42.0
3730	80.0
3731	135.0
3732	215.0
3733	333.0
3734	544.0
3735	766.0
3736	840.0
3737	858.0
3738	842.0
3739	880.0
3740	678.0
3741	582.0
3742	664.0
3743	653.0
3744	550.0
3745	488.0
3746	522.0
3747	552.0
3748	485.0
3749	400.0
3750	306.0
3751	336.0
3752	350.0
3753	310.0
3754	302.0
3755	349.0
3756	407.0
3757	512.0
3758	597.0
3759	733.0
3760	701.0
3761	726.0
3762	668.0
3763	515.0
3764	382.0
3765	274.0
3766	241.0
3767	264.0
3768	304.0
3769	273.0
3770	201.0
3771	193.0
3772	169.0
3773	142.0
3774	96.0
3775	59.0
3776	55.0
3777	69.0
3778	77.0
3779	133.0
3780	196.0
3781	253.0
3782	300.0
3783	373.0
3784	428.0
3785	411.0
3786	331.0
3787	321.0
3788	293.0
3789	296.0
3790	314.0
3791	253.0
3792	242.0
3793	240.0
3794	255.0
3795	246.0
3796	204.0
3797	120.0
3798	62.0
3799	40.0
3800	60.0
3801	85.0
3802	116.0
3803	158.0
3804	245.0
3805	392.0
3806	567.0
3807	582.0
3808	422.0
3809	265.0
3810	264.0
3811	264.0
3812	287.0
3813	273.0
3814	254.0
3815	325.0
3816	419.0
3817	311.0
3818	292.0
3819	319.0
3820	288.0
3821	233.0
3822	160.0
3823	120.0
3824	123.0
3825	159.0
3826	210.0
3827	294.0
3828	475.0
3829	618.0
3830	672.0
3831	694.0
3832	695.0
3833	667.0
3834	633.0
3835	594.0
3836	596.0
3837	490.0
3838	437.0
3839	426.0
3840	429.0
3841	371.0
3842	363.0
3843	306.0
3844	280.0
3845	254.0
3846	202.0
3847	181.0
3848	163.0
3849	176.0
3850	164.0
3851	297.0
3852	464.0
3853	539.0
3854	459.0
3855	437.0
3856	343.0
3857	307.0
3858	290.0
3859	265.0
3860	267.0
3861	218.0
3862	139.0
3863	94.0
3864	80.0
3865	95.0
3866	122.0
3867	129.0
3868	113.0
3869	68.0
3870	46.0
3871	32.0
3872	29.0
3873	35.0
3874	47.0
3875	97.0
3876	115.0
3877	82.0
3878	67.0
3879	67.0
3880	78.0
3881	79.0
3882	107.0
3883	145.0
3884	188.0
3885	215.0
3886	257.0
3887	247.0
3888	222.0
3889	193.0
3890	183.0
3891	175.0
3892	140.0
3893	77.0
3894	44.0
3895	23.0
3896	25.0
3897	44.0
3898	33.0
3899	16.0
3900	13.0
3901	11.0
3902	27.0
3903	42.0
3904	40.0
3905	50.0
3906	59.0
3907	72.0
3908	60.0
3909	54.0
3910	62.0
3911	41.0
3912	40.0
3913	45.0
3914	44.0
3915	37.0
3916	35.0
3917	31.0
3918	23.0
3919	37.0
3920	39.0
3921	46.0
3922	57.0
3923	114.0
3924	154.0
3925	239.0
3926	188.0
3927	102.0
3928	116.0
3929	149.0
3930	115.0
3931	95.0
3932	113.0
3933	160.0
3934	226.0
3935	246.0
3936	202.0
3937	140.0
3938	98.0
3939	81.0
3940	115.0
3941	130.0
3942	204.0
3943	214.0
3944	232.0
3945	261.0
3946	291.0
3947	343.0
3948	294.0
3949	370.0
3950	555.0
3951	773.0
3952	728.0
3953	568.0
3954	418.0
3955	378.0
3956	288.0
3957	273.0
3958	278.0
3959	217.0
3960	239.0
3961	295.0
3962	327.0
3963	355.0
3964	323.0
3965	302.0
3966	276.0
3967	256.0
3968	345.0
3969	357.0
3970	409.0
3971	486.0
3972	694.0
3973	628.0
3974	493.0
3975	415.0
3976	439.0
3977	512.0
3978	499.0
3979	423.0
3980	466.0
3981	459.0
3982	398.0
3983	320.0
3984	310.0
3985	340.0
3986	340.0
3987	304.0
3988	244.0
3989	148.0
3990	97.0
3991	115.0
3992	117.0
3993	121.0
3994	126.0
3995	107.0
3996	85.0
3997	102.0
3998	49.0
3999	16.0
4000	20.0
4001	12.0
4002	8.0
4003	19.0
4004	55.0
4005	57.0
4006	102.0
4007	167.0
4008	140.0
4009	104.0
4010	88.0
4011	73.0
4012	49.0
4013	60.0
4014	54.0
4015	23.0
4016	30.0
4017	33.0
4018	29.0
4019	21.0
4020	16.0
4021	18.0
4022	15.0
4023	43.0
4024	137.0
4025	120.0
4026	116.0
4027	227.0
4028	268.0
4029	58.0
4030	10.0
4031	1.0
4032	3.0
4033	46.0
4034	118.0
4035	159.0
4036	143.0
4037	217.0
4038	253.0
4039	131.0
4040	118.0
4041	169.0
4042	182.0
4043	272.0
4044	237.0
4045	238.0
4046	199.0
4047	218.0
4048	263.0
4049	228.0
4050	192.0
4051	185.0
4052	181.0
4053	231.0
4054	253.0
4055	184.0
4056	190.0
4057	190.0
4058	188.0
4059	205.0
4060	232.0
4061	234.0
4062	330.0
4063	401.0
4064	517.0
4065	786.0
4066	804.0
4067	923.0
4068	1044.0
4069	1228.0
4070	1261.0
4071	1522.0
4072	1567.0
4073	1179.0
4074	1380.0
4075	1421.0
4076	1425.0
4077	1214.0
4078	926.0
4079	801.0
4080	658.0
4081	783.0
4082	894.0
4083	878.0
4084	852.0
4085	722.0
4086	601.0
4087	410.0
4088	332.0
4089	224.0
4090	149.0
4091	154.0
4092	164.0
4093	106.0
4094	101.0
4095	116.0
4096	169.0
4097	242.0
4098	294.0
4099	397.0
4100	598.0
4101	842.0
4102	1231.0
4103	1524.0
4104	1692.0
4105	1701.0
4106	1793.0
4107	1819.0
4108	1805.0
4109	2032.0
4110	2070.0
4111	2070.0
4112	2039.0
4113	2002.0
4114	2048.0
4115	2123.0
4116	2092.0
4117	2143.0
4118	2219.0
4119	2097.0
4120	2011.0
4121	1699.0
4122	1244.0
4123	903.0
4124	632.0
4125	513.0
4126	490.0
4127	396.0
4128	353.0
4129	277.0
4130	160.0
4131	150.0
4132	157.0
4133	101.0
4134	113.0
4135	133.0
4136	156.0
4137	131.0
4138	124.0
4139	156.0
4140	182.0
4141	127.0
4142	70.0
4143	124.0
4144	128.0
4145	124.0
4146	148.0
4147	215.0
4148	150.0
4149	268.0
4150	254.0
4151	319.0
4152	477.0
4153	504.0
4154	429.0
4155	448.0
4156	423.0
4157	394.0
4158	399.0
4159	418.0
4160	409.0
4161	349.0
4162	247.0
4163	197.0
4164	133.0
4165	104.0
4166	59.0
4167	55.0
4168	50.0
4169	76.0
4170	115.0
4171	208.0
4172	375.0
4173	581.0
4174	779.0
4175	881.0
4176	801.0
4177	683.0
4178	775.0
4179	649.0
4180	555.0
4181	444.0
4182	253.0
4183	95.0
4184	143.0
4185	223.0
4186	252.0
4187	319.0
4188	250.0
4189	163.0
4190	48.0
4191	28.0
4192	76.0
4193	161.0
4194	169.0
4195	89.0
4196	77.0
4197	159.0
4198	292.0
4199	371.0
4200	430.0
4201	689.0
4202	954.0
4203	977.0
4204	870.0
4205	800.0
4206	598.0
4207	423.0
4208	430.0
4209	357.0
4210	333.0
4211	295.0
4212	280.0
4213	179.0
4214	138.0
4215	181.0
4216	220.0
4217	182.0
4218	108.0
4219	100.0
4220	69.0
4221	54.0
4222	52.0
4223	68.0
4224	27.0
4225	7.0
4226	3.0
4227	24.0
4228	24.0
4229	5.0
4230	4.0
4231	10.0
4232	15.0
4233	36.0
4234	65.0
4235	55.0
4236	63.0
4237	73.0
4238	96.0
4239	143.0
4240	163.0
4241	273.0
4242	293.0
4243	307.0
4244	312.0
4245	248.0
4246	290.0
4247	364.0
4248	580.0
4249	715.0
4250	643.0
4251	643.0
4252	584.0
4253	567.0
4254	599.0
4255	582.0
4256	634.0
4257	728.0
4258	744.0
4259	672.0
4260	796.0
4261	769.0
4262	782.0
4263	708.0
4264	725.0
4265	867.0
4266	782.0
4267	677.0
4268	632.0
4269	657.0
4270	843.0
4271	920.0
4272	959.0
4273	1063.0
4274	1016.0
4275	1287.0
4276	1379.0
4277	1399.0
4278	1476.0
4279	1610.0
4280	1602.0
4281	1555.0
4282	1430.0
4283	1109.0
4284	871.0
4285	782.0
4286	746.0
4287	673.0
4288	550.0
4289	421.0
4290	334.0
4291	266.0
4292	288.0
4293	250.0
4294	210.0
4295	213.0
4296	196.0
4297	185.0
4298	159.0
4299	96.0
4300	65.0
4301	95.0
4302	90.0
4303	89.0
4304	74.0
4305	66.0
4306	88.0
4307	106.0
4308	119.0
4309	116.0
4310	134.0
4311	233.0
4312	197.0
4313	186.0
4314	221.0
4315	383.0
4316	860.0
4317	767.0
4318	825.0
4319	390.0
4320	440.0
4321	758.0
4322	1149.0
4323	1324.0
4324	1477.0
4325	1446.0
4326	1347.0
4327	1341.0
4328	1401.0
4329	1488.0
4330	1605.0
4331	1909.0
4332	1954.0
4333	1866.0
4334	1898.0
4335	1644.0
4336	1554.0
4337	1755.0
4338	1891.0
4339	1731.0
4340	1480.0
4341	1419.0
4342	1529.0
4343	1613.0
4344	1504.0
4345	1457.0
4346	1548.0
4347	1475.0
4348	1279.0
4349	1103.0
4350	968.0
4351	901.0
4352	798.0
4353	755.0
4354	762.0
4355	746.0
4356	740.0
4357	794.0
4358	921.0
4359	696.0
4360	444.0
4361	595.0
4362	607.0
4363	504.0
4364	603.0
4365	714.0
4366	928.0
4367	1198.0
4368	1566.0
4369	1828.0
4370	1991.0
4371	2140.0
4372	2263.0
4373	2293.0
4374	2203.0
4375	2115.0
4376	2091.0
4377	2037.0
4378	1915.0
4379	1820.0
4380	1822.0
4381	1835.0
4382	1676.0
4383	1840.0
4384	1641.0
4385	1602.0
4386	1843.0
4387	1648.0
4388	1719.0
4389	1954.0
4390	2202.0
4391	2066.0
4392	1929.0
4393	1872.0
4394	1713.0
4395	1684.0
4396	1635.0
4397	1432.0
4398	1451.0
4399	1545.0
4400	1758.0
4401	1890.0
4402	1885.0
4403	1780.0
4404	1997.0
4405	2078.0
4406	2221.0
4407	2220.0
4408	2064.0
4409	2040.0
4410	1804.0
4411	1741.0
4412	1836.0
4413	1702.0
4414	1466.0
4415	1226.0
4416	1055.0
4417	1094.0
4418	1028.0
4419	1016.0
4420	973.0
4421	909.0
4422	794.0
4423	699.0
4424	581.0
4425	583.0
4426	585.0
4427	700.0
4428	876.0
4429	967.0
4430	838.0
4431	725.0
4432	539.0
4433	416.0
4434	254.0
4435	248.0
4436	174.0
4437	152.0
4438	193.0
4439	295.0
4440	350.0
4441	421.0
4442	400.0
4443	329.0
4444	246.0
4445	192.0
4446	160.0
4447	120.0
4448	86.0
4449	58.0
4450	36.0
4451	26.0
4452	32.0
4453	24.0
4454	27.0
4455	25.0
4456	24.0
4457	64.0
4458	104.0
4459	50.0
4460	32.0
4461	51.0
4462	95.0
4463	198.0
4464	350.0
4465	554.0
4466	851.0
4467	1277.0
4468	1432.0
4469	1439.0
4470	1557.0
4471	1686.0
4472	1920.0
4473	1980.0
4474	2193.0
4475	2351.0
4476	2236.0
4477	2467.0
4478	2558.0
4479	2433.0
4480	2492.0
4481	2161.0
4482	1730.0
4483	1507.0
4484	1390.0
4485	1244.0
4486	1101.0
4487	1252.0
4488	1177.0
4489	958.0
4490	946.0
4491	861.0
4492	752.0
4493	622.0
4494	652.0
4495	628.0
4496	571.0
4497	564.0
4498	596.0
4499	596.0
4500	641.0
4501	880.0
4502	959.0
4503	794.0
4504	661.0
4505	527.0
4506	318.0
4507	139.0
4508	104.0
4509	111.0
4510	147.0
4511	188.0
4512	268.0
4513	286.0
4514	235.0
4515	251.0
4516	224.0
4517	285.0
4518	299.0
4519	347.0
4520	411.0
4521	559.0
4522	609.0
4523	623.0
4524	843.0
4525	544.0
4526	586.0
4527	639.0
4528	620.0
4529	531.0
4530	327.0
4531	223.0
4532	173.0
4533	159.0
4534	172.0
4535	153.0
4536	147.0
4537	151.0
4538	157.0
4539	169.0
4540	244.0
4541	319.0
4542	389.0
4543	639.0
4544	1019.0
4545	1434.0
4546	1484.0
4547	1460.0
4548	1825.0
4549	2062.0
4550	1985.0
4551	2090.0
4552	1997.0
4553	1626.0
4554	1485.0
4555	1125.0
4556	853.0
4557	725.0
4558	716.0
4559	612.0
4560	563.0
4561	515.0
4562	483.0
4563	497.0
4564	361.0
4565	290.0
4566	249.0
4567	214.0
4568	210.0
4569	293.0
4570	429.0
4571	590.0
4572	868.0
4573	1043.0
4574	904.0
4575	1054.0
4576	1203.0
4577	1140.0
4578	1307.0
4579	1459.0
4580	1504.0
4581	1577.0
4582	1617.0
4583	1599.0
4584	1384.0
4585	1203.0
4586	1099.0
4587	1041.0
4588	1000.0
4589	946.0
4590	931.0
4591	879.0
4592	907.0
4593	1009.0
4594	1178.0
4595	1519.0
4596	1406.0
4597	1136.0
4598	883.0
4599	1252.0
4600	1662.0
4601	1672.0
4602	1639.0
4603	1471.0
4604	1462.0
4605	1762.0
4606	1806.0
4607	1942.0
4608	1867.0
4609	1884.0
4610	1974.0
4611	1965.0
4612	1998.0
4613	2040.0
4614	2153.0
4615	2370.0
4616	2440.0
4617	2478.0
4618	2565.0
4619	2705.0
4620	2968.0
4621	3066.0
4622	2982.0
4623	2933.0
4624	2892.0
4625	2783.0
4626	2618.0
4627	2342.0
4628	2186.0
4629	2085.0
4630	1871.0
4631	1646.0
4632	1520.0
4633	1397.0
4634	1197.0
4635	856.0
4636	642.0
4637	551.0
4638	473.0
4639	430.0
4640	404.0
4641	527.0
4642	633.0
4643	593.0
4644	471.0
4645	457.0
4646	374.0
4647	326.0
4648	258.0
4649	195.0
4650	219.0
4651	165.0
4652	73.0
4653	30.0
4654	57.0
4655	63.0
4656	57.0
4657	109.0
4658	194.0
4659	147.0
4660	126.0
4661	123.0
4662	129.0
4663	209.0
4664	340.0
4665	433.0
4666	547.0
4667	684.0
4668	652.0
4669	720.0
4670	841.0
4671	768.0
4672	656.0
4673	545.0
4674	435.0
4675	460.0
4676	438.0
4677	471.0
4678	518.0
4679	617.0
4680	662.0
4681	801.0
4682	684.0
4683	581.0
4684	508.0
4685	403.0
4686	550.0
4687	663.0
4688	861.0
4689	1010.0
4690	1107.0
4691	1343.0
4692	1553.0
4693	1561.0
4694	1630.0
4695	1865.0
4696	1976.0
4697	1950.0
4698	1577.0
4699	1401.0
4700	1334.0
4701	1414.0
4702	1428.0
4703	1413.0
4704	1430.0
4705	1325.0
4706	1232.0
4707	1163.0
4708	1065.0
4709	838.0
4710	642.0
4711	479.0
4712	339.0
4713	302.0
4714	358.0
4715	480.0
4716	538.0
4717	638.0
4718	872.0
4719	962.0
4720	825.0
4721	675.0
4722	554.0
4723	542.0
4724	547.0
4725	780.0
4726	891.0
4727	908.0
4728	1047.0
4729	1041.0
4730	1049.0
4731	958.0
4732	888.0
4733	896.0
4734	993.0
4735	1011.0
4736	954.0
4737	927.0
4738	893.0
4739	838.0
4740	704.0
4741	592.0
4742	535.0
4743	499.0
4744	379.0
4745	284.0
4746	274.0
4747	376.0
4748	449.0
4749	504.0
4750	530.0
4751	548.0
4752	523.0
4753	391.0
4754	384.0
4755	349.0
4756	346.0
4757	303.0
4758	286.0
4759	333.0
4760	417.0
4761	420.0
4762	455.0
4763	533.0
4764	580.0
4765	548.0
4766	618.0
4767	671.0
4768	541.0
4769	402.0
4770	315.0
4771	271.0
4772	142.0
4773	76.0
4774	77.0
4775	99.0
4776	165.0
4777	212.0
4778	194.0
4779	218.0
4780	219.0
4781	178.0
4782	109.0
4783	90.0
4784	98.0
4785	124.0
4786	165.0
4787	192.0
4788	181.0
4789	179.0
4790	184.0
4791	188.0
4792	176.0
4793	163.0
4794	112.0
4795	86.0
4796	52.0
4797	39.0
4798	51.0
4799	63.0
4800	77.0
4801	70.0
4802	68.0
4803	87.0
4804	88.0
4805	70.0
4806	30.0
4807	2.0
4808	0.0
4809	1.0
4810	8.0
4811	19.0
4812	23.0
4813	41.0
4814	82.0
4815	119.0
4816	185.0
4817	264.0
4818	390.0
4819	529.0
4820	815.0
4821	1128.0
4822	1261.0
4823	1451.0
4824	1444.0
4825	1416.0
4826	1455.0
4827	1463.0
4828	1401.0
4829	1149.0
4830	907.0
4831	794.0
4832	811.0
4833	938.0
4834	1167.0
4835	1352.0
4836	1270.0
4837	1175.0
4838	1074.0
4839	982.0
4840	1174.0
4841	912.0
4842	832.0
4843	771.0
4844	671.0
4845	477.0
4846	208.0
4847	141.0
4848	153.0
4849	184.0
4850	179.0
4851	159.0
4852	199.0
4853	172.0
4854	92.0
4855	73.0
4856	52.0
4857	58.0
4858	60.0
4859	79.0
4860	106.0
4861	207.0
4862	230.0
4863	253.0
4864	263.0
4865	199.0
4866	111.0
4867	66.0
4868	58.0
4869	50.0
4870	44.0
4871	41.0
4872	30.0
4873	40.0
4874	67.0
4875	137.0
4876	119.0
4877	101.0
4878	76.0
4879	63.0
4880	81.0
4881	74.0
4882	68.0
4883	66.0
4884	101.0
4885	139.0
4886	186.0
4887	219.0
4888	233.0
4889	292.0
4890	355.0
4891	380.0
4892	352.0
4893	314.0
4894	240.0
4895	311.0
4896	322.0
4897	249.0
4898	210.0
4899	201.0
4900	204.0
4901	178.0
4902	144.0
4903	98.0
4904	78.0
4905	51.0
4906	75.0
4907	121.0
4908	166.0
4909	199.0
4910	177.0
4911	199.0
4912	203.0
4913	219.0
4914	197.0
4915	116.0
4916	82.0
4917	54.0
4918	33.0
4919	26.0
4920	17.0
4921	7.0
4922	3.0
4923	2.0
4924	1.0
4925	0.0
4926	0.0
4927	1.0
4928	4.0
4929	13.0
4930	29.0
4931	44.0
4932	67.0
4933	70.0
4934	71.0
4935	93.0
4936	162.0
4937	225.0
4938	153.0
4939	127.0
4940	136.0
4941	153.0
4942	206.0
4943	264.0
4944	350.0
4945	352.0
4946	387.0
4947	499.0
4948	499.0
4949	500.0
4950	476.0
4951	536.0
4952	591.0
4953	483.0
4954	415.0
4955	523.0
4956	693.0
4957	700.0
4958	673.0
4959	667.0
4960	496.0
4961	363.0
4962	171.0
4963	100.0
4964	101.0
4965	71.0
4966	84.0
4967	83.0
4968	104.0
4969	140.0
4970	163.0
4971	173.0
4972	210.0
4973	195.0
4974	137.0
4975	75.0
4976	35.0
4977	9.0
4978	12.0
4979	10.0
4980	14.0
4981	27.0
4982	60.0
4983	110.0
4984	151.0
4985	124.0
4986	49.0
4987	16.0
4988	10.0
4989	29.0
4990	42.0
4991	52.0
4992	92.0
4993	147.0
4994	228.0
4995	316.0
4996	375.0
4997	462.0
4998	562.0
4999	743.0
5000	877.0
5001	933.0
5002	1155.0
5003	1419.0
5004	1744.0
5005	1749.0
5006	1696.0
5007	1733.0
5008	1437.0
5009	787.0
5010	473.0
5011	286.0
5012	181.0
5013	137.0
5014	70.0
5015	61.0
5016	55.0
5017	37.0
5018	29.0
5019	34.0
5020	66.0
5021	78.0
5022	80.0
5023	80.0
5024	85.0
5025	117.0
5026	165.0
5027	257.0
5028	272.0
5029	244.0
5030	263.0
5031	284.0
5032	392.0
5033	383.0
5034	519.0
5035	514.0
5036	463.0
5037	346.0
5038	442.0
5039	415.0
5040	400.0
5041	540.0
5042	510.0
5043	450.0
5044	526.0
5045	555.0
5046	606.0
5047	645.0
5048	704.0
5049	841.0
5050	938.0
5051	1181.0
5052	1692.0
5053	1645.0
5054	1335.0
5055	1363.0
5056	1219.0
5057	1219.0
5058	1194.0
5059	1053.0
5060	1029.0
5061	1071.0
5062	970.0
5063	996.0
5064	909.0
5065	814.0
5066	647.0
5067	565.0
5068	546.0
5069	329.0
5070	248.0
5071	197.0
5072	162.0
5073	113.0
5074	64.0
5075	40.0
5076	51.0
5077	48.0
5078	35.0
5079	18.0
5080	33.0
5081	71.0
5082	63.0
5083	62.0
5084	121.0
5085	177.0
5086	107.0
5087	147.0
5088	150.0
5089	129.0
5090	39.0
5091	33.0
5092	54.0
5093	38.0
5094	42.0
5095	131.0
5096	188.0
5097	232.0
5098	320.0
5099	429.0
5100	498.0
5101	779.0
5102	921.0
5103	1189.0
5104	1073.0
5105	879.0
5106	926.0
5107	790.0
5108	658.0
5109	648.0
5110	589.0
5111	660.0
5112	733.0
5113	663.0
5114	489.0
5115	462.0
5116	515.0
5117	566.0
5118	607.0
5119	502.0
5120	249.0
5121	287.0
5122	260.0
5123	343.0
5124	593.0
5125	630.0
5126	576.0
5127	482.0
5128	355.0
5129	228.0
5130	157.0
5131	185.0
5132	222.0
5133	233.0
5134	208.0
5135	204.0
5136	264.0
5137	353.0
5138	432.0
5139	387.0
5140	545.0
5141	607.0
5142	502.0
5143	416.0
5144	377.0
5145	405.0
5146	429.0
5147	462.0
5148	444.0
5149	434.0
5150	425.0
5151	411.0
5152	417.0
5153	461.0
5154	478.0
5155	445.0
5156	560.0
5157	757.0
5158	941.0
5159	1064.0
5160	1332.0
5161	1562.0
5162	1572.0
5163	1588.0
5164	1617.0
5165	1899.0
5166	2039.0
5167	2128.0
5168	2192.0
5169	2187.0
5170	2222.0
5171	2316.0
5172	2330.0
5173	2338.0
5174	2369.0
5175	2350.0
5176	2306.0
5177	2204.0
5178	2088.0
5179	2100.0
5180	2101.0
5181	2326.0
5182	2484.0
5183	2157.0
5184	2177.0
5185	2115.0
5186	2057.0
5187	2022.0
5188	2004.0
5189	1912.0
5190	1957.0
5191	2056.0
5192	2177.0
5193	2148.0
5194	2037.0
5195	1982.0
5196	2011.0
5197	1970.0
5198	1974.0
5199	1925.0
5200	1718.0
5201	1674.0
5202	1410.0
5203	1239.0
5204	1155.0
5205	1097.0
5206	980.0
5207	919.0
5208	797.0
5209	701.0
5210	614.0
5211	538.0
5212	484.0
5213	474.0
5214	446.0
5215	462.0
5216	567.0
5217	624.0
5218	723.0
5219	908.0
5220	996.0
5221	1009.0
5222	972.0
5223	819.0
5224	823.0
5225	689.0
5226	365.0
5227	220.0
5228	167.0
5229	209.0
5230	218.0
5231	298.0
5232	312.0
5233	454.0
5234	569.0
5235	690.0
5236	657.0
5237	635.0
5238	511.0
5239	343.0
5240	249.0
5241	290.0
5242	336.0
5243	382.0
5244	568.0
5245	854.0
5246	970.0
5247	964.0
5248	770.0
5249	581.0
5250	455.0
5251	388.0
5252	227.0
5253	211.0
5254	296.0
5255	554.0
5256	862.0
5257	1127.0
5258	1336.0
5259	1620.0
5260	1733.0
5261	1733.0
5262	1650.0
5263	1810.0
5264	2058.0
5265	2020.0
5266	1942.0
5267	1959.0
5268	2006.0
5269	1825.0
5270	1882.0
5271	1957.0
5272	2037.0
5273	1906.0
5274	1988.0
5275	2223.0
5276	2329.0
5277	2198.0
5278	2286.0
5279	2126.0
5280	2188.0
5281	2168.0
5282	2105.0
5283	2101.0
5284	2005.0
5285	1890.0
5286	1828.0
5287	2072.0
5288	2316.0
5289	2362.0
5290	2333.0
5291	2192.0
5292	2154.0
5293	2006.0
5294	1860.0
5295	1671.0
5296	1479.0
5297	1225.0
5298	1043.0
5299	859.0
5300	604.0
5301	426.0
5302	354.0
5303	277.0
5304	419.0
5305	403.0
5306	537.0
5307	778.0
5308	771.0
5309	777.0
5310	625.0
5311	691.0
5312	777.0
5313	1055.0
5314	1258.0
5315	1327.0
5316	1356.0
5317	1370.0
5318	1328.0
5319	1184.0
5320	1099.0
5321	794.0
5322	598.0
5323	650.0
5324	439.0
5325	609.0
5326	660.0
5327	929.0
5328	511.0
5329	473.0
5330	499.0
5331	559.0
5332	497.0
5333	572.0
5334	666.0
5335	706.0
5336	866.0
5337	834.0
5338	914.0
5339	784.0
5340	938.0
5341	961.0
5342	867.0
5343	866.0
5344	851.0
5345	658.0
5346	507.0
5347	376.0
5348	273.0
5349	227.0
5350	259.0
5351	376.0
5352	618.0
5353	917.0
5354	1089.0
5355	1165.0
5356	1352.0
5357	1500.0
5358	1717.0
5359	1834.0
5360	1789.0
5361	1828.0
5362	1507.0
5363	1251.0
5364	1105.0
5365	1335.0
5366	1402.0
5367	1211.0
5368	1095.0
5369	1000.0
5370	1030.0
5371	1021.0
5372	919.0
5373	1028.0
5374	1132.0
5375	1260.0
5376	1311.0
5377	1459.0
5378	1384.0
5379	1201.0
5380	1045.0
5381	937.0
5382	921.0
5383	1025.0
5384	1043.0
5385	1213.0
5386	1269.0
5387	1371.0
5388	1391.0
5389	1405.0
5390	1454.0
5391	1479.0
5392	1539.0
5393	1299.0
5394	1364.0
5395	1617.0
5396	1510.0
5397	1620.0
5398	1763.0
5399	1797.0
5400	1576.0
5401	1265.0
5402	988.0
5403	887.0
5404	958.0
5405	1102.0
5406	1181.0
5407	1309.0
5408	1460.0
5409	1599.0
5410	1590.0
5411	1493.0
5412	1398.0
5413	1243.0
5414	975.0
5415	853.0
5416	710.0
5417	586.0
5418	408.0
5419	184.0
5420	97.0
5421	43.0
5422	60.0
5423	74.0
5424	54.0
5425	42.0
5426	69.0
5427	77.0
5428	111.0
5429	89.0
5430	100.0
5431	109.0
5432	136.0
5433	159.0
5434	227.0
5435	299.0
5436	373.0
5437	377.0
5438	405.0
5439	394.0
5440	462.0
5441	339.0
5442	218.0
5443	180.0
5444	154.0
5445	92.0
5446	60.0
5447	46.0
5448	36.0
5449	44.0
5450	31.0
5451	34.0
5452	57.0
5453	64.0
5454	35.0
5455	34.0
5456	34.0
5457	38.0
5458	45.0
5459	105.0
5460	167.0
5461	236.0
5462	296.0
5463	321.0
5464	397.0
5465	518.0
5466	658.0
5467	757.0
5468	715.0
5469	649.0
5470	604.0
5471	584.0
5472	491.0
5473	434.0
5474	362.0
5475	302.0
5476	298.0
5477	234.0
5478	143.0
5479	112.0
5480	131.0
5481	265.0
5482	314.0
5483	308.0
5484	346.0
5485	351.0
5486	388.0
5487	413.0
5488	461.0
5489	453.0
5490	497.0
5491	703.0
5492	914.0
5493	1049.0
5494	1114.0
5495	911.0
5496	777.0
5497	704.0
5498	640.0
5499	570.0
5500	619.0
5501	535.0
5502	305.0
5503	240.0
5504	317.0
5505	582.0
5506	714.0
5507	754.0
5508	674.0
5509	560.0
5510	453.0
5511	458.0
5512	479.0
5513	434.0
5514	470.0
5515	556.0
5516	710.0
5517	753.0
5518	908.0
5519	791.0
5520	730.0
5521	716.0
5522	771.0
5523	850.0
5524	873.0
5525	740.0
5526	452.0
5527	384.0
5528	329.0
5529	295.0
5530	217.0
5531	177.0
5532	190.0
5533	245.0
5534	317.0
5535	437.0
5536	523.0
5537	458.0
5538	458.0
5539	540.0
5540	572.0
5541	571.0
5542	635.0
5543	567.0
5544	476.0
5545	346.0
5546	239.0
5547	210.0
5548	248.0
5549	245.0
5550	173.0
5551	78.0
5552	76.0
5553	144.0
5554	187.0
5555	227.0
5556	266.0
5557	285.0
5558	266.0
5559	324.0
5560	357.0
5561	414.0
5562	543.0
5563	631.0
5564	997.0
5565	1150.0
5566	1465.0
5567	888.0
5568	949.0
5569	1070.0
5570	1183.0
5571	1218.0
5572	1356.0
5573	1190.0
5574	1156.0
5575	1137.0
5576	1240.0
5577	1432.0
5578	1597.0
5579	1740.0
5580	1874.0
5581	1937.0
5582	1946.0
5583	1606.0
5584	1604.0
5585	1311.0
5586	1428.0
5587	1753.0
5588	1690.0
5589	1925.0
5590	2086.0
5591	2181.0
5592	2207.0
5593	2342.0
5594	2365.0
5595	2385.0
5596	2298.0
5597	2378.0
5598	2394.0
5599	2263.0
5600	2121.0
5601	1931.0
5602	1631.0
5603	1531.0
5604	1415.0
5605	1435.0
5606	1675.0
5607	1559.0
5608	1334.0
5609	1353.0
5610	1316.0
5611	1264.0
5612	1303.0
5613	1419.0
5614	1435.0
5615	1386.0
5616	1433.0
5617	1329.0
5618	1196.0
5619	1210.0
5620	1489.0
5621	1590.0
5622	1464.0
5623	1340.0
5624	1195.0
5625	1195.0
5626	1376.0
5627	1627.0
5628	1537.0
5629	1709.0
5630	1761.0
5631	1890.0
5632	1843.0
5633	1622.0
5634	1569.0
5635	1381.0
5636	1085.0
5637	1021.0
5638	881.0
5639	617.0
5640	358.0
5641	247.0
5642	183.0
5643	204.0
5644	181.0
5645	129.0
5646	79.0
5647	56.0
5648	27.0
5649	6.0
5650	2.0
5651	4.0
5652	5.0
5653	7.0
5654	6.0
5655	12.0
5656	38.0
5657	76.0
5658	213.0
5659	507.0
5660	772.0
5661	1057.0
5662	1205.0
5663	1187.0
5664	1276.0
5665	1223.0
5666	1217.0
5667	1041.0
5668	927.0
5669	824.0
5670	673.0
5671	468.0
5672	336.0
5673	289.0
5674	303.0
5675	301.0
5676	300.0
5677	335.0
5678	336.0
5679	282.0
5680	236.0
5681	200.0
5682	284.0
5683	455.0
5684	570.0
5685	653.0
5686	623.0
5687	564.0
5688	582.0
5689	573.0
5690	474.0
5691	453.0
5692	538.0
5693	486.0
5694	471.0
5695	311.0
5696	255.0
5697	266.0
5698	235.0
5699	162.0
5700	135.0
5701	64.0
5702	43.0
5703	28.0
5704	16.0
5705	10.0
5706	10.0
5707	27.0
5708	92.0
5709	253.0
5710	349.0
5711	386.0
5712	473.0
5713	607.0
5714	785.0
5715	920.0
5716	503.0
5717	459.0
5718	495.0
5719	585.0
5720	222.0
5721	191.0
5722	197.0
5723	223.0
5724	215.0
5725	153.0
5726	109.0
5727	118.0
5728	106.0
5729	109.0
5730	131.0
5731	155.0
5732	191.0
5733	236.0
5734	249.0
5735	238.0
5736	281.0
5737	300.0
5738	370.0
5739	421.0
5740	457.0
5741	488.0
5742	420.0
5743	400.0
5744	533.0
5745	690.0
5746	780.0
5747	854.0
5748	997.0
5749	1215.0
5750	1299.0
5751	1508.0
5752	1545.0
5753	1363.0
5754	1427.0
5755	1300.0
5756	1280.0
5757	774.0
5758	830.0
5759	989.0
5760	1115.0
5761	790.0
5762	402.0
5763	362.0
5764	320.0
5765	527.0
5766	720.0
5767	485.0
5768	496.0
5769	741.0
5770	1265.0
5771	1609.0
5772	2002.0
5773	2451.0
5774	2477.0
5775	2619.0
5776	2511.0
5777	2318.0
5778	2125.0
5779	1856.0
5780	1863.0
5781	1717.0
5782	1512.0
5783	1236.0
5784	1196.0
5785	1293.0
5786	1151.0
5787	949.0
5788	764.0
5789	596.0
5790	472.0
5791	429.0
5792	467.0
5793	543.0
5794	669.0
5795	606.0
5796	586.0
5797	561.0
5798	558.0
5799	487.0
5800	393.0
5801	288.0
5802	210.0
5803	148.0
5804	66.0
5805	47.0
5806	55.0
5807	87.0
5808	147.0
5809	226.0
5810	269.0
5811	307.0
5812	359.0
5813	375.0
5814	310.0
5815	238.0
5816	212.0
5817	214.0
5818	201.0
5819	184.0
5820	120.0
5821	41.0
5822	32.0
5823	22.0
5824	16.0
5825	5.0
5826	30.0
5827	57.0
5828	103.0
5829	130.0
5830	156.0
5831	260.0
5832	384.0
5833	396.0
5834	347.0
5835	282.0
5836	284.0
5837	258.0
5838	202.0
5839	108.0
5840	70.0
5841	35.0
5842	7.0
5843	34.0
5844	111.0
5845	174.0
5846	267.0
5847	322.0
5848	253.0
5849	315.0
5850	396.0
5851	296.0
5852	282.0
5853	341.0
5854	346.0
5855	354.0
5856	358.0
5857	303.0
5858	275.0
5859	222.0
5860	145.0
5861	137.0
5862	119.0
5863	140.0
5864	165.0
5865	243.0
5866	348.0
5867	437.0
5868	399.0
5869	418.0
5870	373.0
5871	298.0
5872	239.0
5873	195.0
5874	126.0
5875	106.0
5876	154.0
5877	154.0
5878	245.0
5879	435.0
5880	548.0
5881	635.0
5882	800.0
5883	924.0
5884	1084.0
5885	1112.0
5886	981.0
5887	892.0
5888	863.0
5889	990.0
5890	1053.0
5891	1194.0
5892	1327.0
5893	1334.0
5894	1545.0
5895	1659.0
5896	1618.0
5897	1523.0
5898	1075.0
5899	1089.0
5900	1383.0
5901	1263.0
5902	1021.0
5903	943.0
5904	780.0
5905	742.0
5906	677.0
5907	532.0
5908	549.0
5909	532.0
5910	433.0
5911	356.0
5912	204.0
5913	208.0
5914	221.0
5915	315.0
5916	403.0
5917	427.0
5918	452.0
5919	444.0
5920	484.0
5921	460.0
5922	515.0
5923	797.0
5924	1013.0
5925	1399.0
5926	1783.0
5927	1996.0
5928	2064.0
5929	1863.0
5930	1930.0
5931	1968.0
5932	1966.0
5933	1986.0
5934	1981.0
5935	1942.0
5936	2150.0
5937	2173.0
5938	2311.0
5939	2332.0
5940	2387.0
5941	2519.0
5942	2516.0
5943	2465.0
5944	2266.0
5945	2016.0
5946	2049.0
5947	2080.0
5948	2067.0
5949	2076.0
5950	1956.0
5951	1760.0
5952	1292.0
5953	1037.0
5954	962.0
5955	837.0
5956	628.0
5957	337.0
5958	206.0
5959	189.0
5960	156.0
5961	84.0
5962	36.0
5963	43.0
5964	28.0
5965	35.0
5966	42.0
5967	21.0
5968	22.0
5969	16.0
5970	7.0
5971	25.0
5972	18.0
5973	30.0
5974	58.0
5975	147.0
5976	243.0
5977	345.0
5978	349.0
5979	358.0
5980	336.0
5981	324.0
5982	270.0
5983	262.0
5984	301.0
5985	348.0
5986	362.0
5987	306.0
5988	234.0
5989	179.0
5990	130.0
5991	120.0
5992	136.0
5993	93.0
5994	57.0
5995	30.0
5996	21.0
5997	13.0
5998	24.0
5999	63.0
6000	66.0
6001	79.0
6002	94.0
6003	125.0
6004	133.0
6005	138.0
6006	114.0
6007	53.0
6008	24.0
6009	3.0
6010	9.0
6011	14.0
6012	27.0
6013	38.0
6014	44.0
6015	62.0
6016	92.0
6017	104.0
6018	178.0
6019	258.0
6020	441.0
6021	574.0
6022	672.0
6023	793.0
6024	488.0
6025	407.0
6026	348.0
6027	372.0
6028	420.0
6029	466.0
6030	422.0
6031	234.0
6032	143.0
6033	129.0
6034	152.0
6035	220.0
6036	322.0
6037	574.0
6038	736.0
6039	925.0
6040	1128.0
6041	1346.0
6042	1398.0
6043	942.0
6044	796.0
6045	509.0
6046	310.0
6047	234.0
6048	252.0
6049	250.0
6050	251.0
6051	273.0
6052	207.0
6053	197.0
6054	207.0
6055	190.0
6056	225.0
6057	333.0
6058	439.0
6059	520.0
6060	486.0
6061	407.0
6062	368.0
6063	326.0
6064	256.0
6065	246.0
6066	246.0
6067	313.0
6068	404.0
6069	456.0
6070	560.0
6071	678.0
6072	691.0
6073	733.0
6074	764.0
6075	765.0
6076	749.0
6077	777.0
6078	733.0
6079	592.0
6080	494.0
6081	479.0
6082	506.0
6083	526.0
6084	492.0
6085	448.0
6086	439.0
6087	411.0
6088	292.0
6089	267.0
6090	296.0
6091	327.0
6092	487.0
6093	637.0
6094	829.0
6095	947.0
6096	983.0
6097	848.0
6098	809.0
6099	730.0
6100	557.0
6101	370.0
6102	264.0
6103	147.0
6104	77.0
6105	17.0
6106	4.0
6107	5.0
6108	9.0
6109	16.0
6110	24.0
6111	40.0
6112	64.0
6113	123.0
6114	246.0
6115	347.0
6116	539.0
6117	729.0
6118	844.0
6119	764.0
6120	763.0
6121	745.0
6122	603.0
6123	428.0
6124	387.0
6125	406.0
6126	294.0
6127	170.0
6128	183.0
6129	166.0
6130	115.0
6131	135.0
6132	134.0
6133	106.0
6134	95.0
6135	92.0
6136	101.0
6137	99.0
6138	100.0
6139	134.0
6140	206.0
6141	251.0
6142	292.0
6143	357.0
6144	401.0
6145	488.0
6146	557.0
6147	488.0
6148	438.0
6149	411.0
6150	304.0
6151	223.0
6152	173.0
6153	156.0
6154	171.0
6155	236.0
6156	267.0
6157	297.0
6158	277.0
6159	319.0
6160	353.0
6161	479.0
6162	709.0
6163	1029.0
6164	1125.0
6165	1228.0
6166	1160.0
6167	1025.0
6168	992.0
6169	923.0
6170	906.0
6171	892.0
6172	816.0
6173	797.0
6174	774.0
6175	596.0
6176	466.0
6177	431.0
6178	408.0
6179	359.0
6180	303.0
6181	324.0
6182	349.0
6183	358.0
6184	408.0
6185	499.0
6186	665.0
6187	906.0
6188	1054.0
6189	1070.0
6190	1071.0
6191	1066.0
6192	1162.0
6193	1184.0
6194	1155.0
6195	1206.0
6196	1267.0
6197	1410.0
6198	1251.0
6199	948.0
6200	746.0
6201	709.0
6202	695.0
6203	741.0
6204	758.0
6205	832.0
6206	966.0
6207	983.0
6208	977.0
6209	1086.0
6210	1309.0
6211	1361.0
6212	1273.0
6213	851.0
6214	1360.0
6215	1700.0
6216	1307.0
6217	923.0
6218	618.0
6219	540.0
6220	503.0
6221	561.0
6222	560.0
6223	520.0
6224	454.0
6225	562.0
6226	736.0
6227	829.0
6228	771.0
6229	742.0
6230	829.0
6231	740.0
6232	626.0
6233	355.0
6234	361.0
6235	361.0
6236	740.0
6237	633.0
6238	591.0
6239	621.0
6240	599.0
6241	464.0
6242	365.0
6243	307.0
6244	187.0
6245	149.0
6246	173.0
6247	81.0
6248	105.0
6249	136.0
6250	156.0
6251	92.0
6252	73.0
6253	75.0
6254	104.0
6255	154.0
6256	258.0
6257	491.0
6258	643.0
6259	639.0
6260	644.0
6261	657.0
6262	643.0
6263	670.0
6264	686.0
6265	662.0
6266	614.0
6267	610.0
6268	599.0
6269	629.0
6270	675.0
6271	724.0
6272	708.0
6273	644.0
6274	608.0
6275	521.0
6276	415.0
6277	389.0
6278	372.0
6279	400.0
6280	415.0
6281	502.0
6282	551.0
6283	535.0
6284	458.0
6285	334.0
6286	281.0
6287	218.0
6288	199.0
6289	112.0
6290	109.0
6291	103.0
6292	95.0
6293	75.0
6294	31.0
6295	15.0
6296	15.0
6297	14.0
6298	12.0
6299	13.0
6300	17.0
6301	23.0
6302	29.0
6303	34.0
6304	34.0
6305	34.0
6306	30.0
6307	32.0
6308	76.0
6309	143.0
6310	160.0
6311	169.0
6312	140.0
6313	76.0
6314	30.0
6315	21.0
6316	19.0
6317	26.0
6318	16.0
6319	16.0
6320	29.0
6321	48.0
6322	54.0
6323	45.0
6324	30.0
6325	15.0
6326	23.0
6327	41.0
6328	57.0
6329	100.0
6330	137.0
6331	207.0
6332	258.0
6333	306.0
6334	331.0
6335	280.0
6336	283.0
6337	276.0
6338	235.0
6339	215.0
6340	205.0
6341	208.0
6342	170.0
6343	127.0
6344	93.0
6345	83.0
6346	108.0
6347	144.0
6348	121.0
6349	76.0
6350	65.0
6351	83.0
6352	120.0
6353	157.0
6354	159.0
6355	177.0
6356	200.0
6357	219.0
6358	277.0
6359	305.0
6360	260.0
6361	222.0
6362	230.0
6363	233.0
6364	241.0
6365	266.0
6366	264.0
6367	251.0
6368	189.0
6369	183.0
6370	192.0
6371	203.0
6372	206.0
6373	207.0
6374	232.0
6375	276.0
6376	295.0
6377	278.0
6378	365.0
6379	465.0
6380	549.0
6381	388.0
6382	343.0
6383	283.0
6384	253.0
6385	328.0
6386	437.0
6387	460.0
6388	515.0
6389	490.0
6390	524.0
6391	607.0
6392	534.0
6393	594.0
6394	669.0
6395	728.0
6396	673.0
6397	634.0
6398	350.0
6399	272.0
6400	180.0
6401	113.0
6402	132.0
6403	188.0
6404	141.0
6405	174.0
6406	248.0
6407	329.0
6408	439.0
6409	585.0
6410	732.0
6411	871.0
6412	1008.0
6413	1335.0
6414	1302.0
6415	1165.0
6416	951.0
6417	703.0
6418	626.0
6419	569.0
6420	509.0
6421	615.0
6422	701.0
6423	625.0
6424	584.0
6425	570.0
6426	790.0
6427	1115.0
6428	1447.0
6429	1623.0
6430	1727.0
6431	1674.0
6432	1896.0
6433	2027.0
6434	2080.0
6435	2055.0
6436	2019.0
6437	2012.0
6438	1982.0
6439	1713.0
6440	1314.0
6441	1114.0
6442	1096.0
6443	1242.0
6444	1410.0
6445	1794.0
6446	2202.0
6447	2348.0
6448	1969.0
6449	1307.0
6450	1095.0
6451	882.0
6452	773.0
6453	725.0
6454	667.0
6455	564.0
6456	455.0
6457	353.0
6458	312.0
6459	177.0
6460	137.0
6461	92.0
6462	48.0
6463	27.0
6464	22.0
6465	19.0
6466	31.0
6467	70.0
6468	42.0
6469	24.0
6470	35.0
6471	32.0
6472	26.0
6473	17.0
6474	19.0
6475	41.0
6476	44.0
6477	41.0
6478	65.0
6479	60.0
6480	46.0
6481	60.0
6482	75.0
6483	105.0
6484	125.0
6485	159.0
6486	220.0
6487	290.0
6488	357.0
6489	452.0
6490	643.0
6491	845.0
6492	954.0
6493	1073.0
6494	1167.0
6495	1241.0
6496	1352.0
6497	1376.0
6498	1717.0
6499	2090.0
6500	2339.0
6501	2343.0
6502	2237.0
6503	2184.0
6504	2274.0
6505	2396.0
6506	2401.0
6507	2450.0
6508	2361.0
6509	2377.0
6510	2282.0
6511	2341.0
6512	2535.0
6513	2536.0
6514	2484.0
6515	2452.0
6516	2445.0
6517	2571.0
6518	2705.0
6519	2647.0
6520	2441.0
6521	2435.0
6522	2525.0
6523	2540.0
6524	2642.0
6525	2524.0
6526	2430.0
6527	2564.0
6528	2656.0
6529	2718.0
6530	2734.0
6531	2834.0
6532	2789.0
6533	2873.0
6534	2762.0
6535	2814.0
6536	2819.0
6537	2768.0
6538	2962.0
6539	3128.0
6540	3147.0
6541	3056.0
6542	2902.0
6543	2747.0
6544	2759.0
6545	2488.0
6546	2294.0
6547	2040.0
6548	1782.0
6549	1772.0
6550	1506.0
6551	1369.0
6552	1256.0
6553	1210.0
6554	1206.0
6555	1165.0
6556	1041.0
6557	1058.0
6558	1088.0
6559	1096.0
6560	1112.0
6561	1367.0
6562	1601.0
6563	1708.0
6564	1812.0
6565	1716.0
6566	1830.0
6567	1696.0
6568	1490.0
6569	1257.0
6570	1129.0
6571	1038.0
6572	937.0
6573	987.0
6574	989.0
6575	746.0
6576	471.0
6577	358.0
6578	414.0
6579	359.0
6580	306.0
6581	275.0
6582	286.0
6583	251.0
6584	207.0
6585	265.0
6586	397.0
6587	475.0
6588	515.0
6589	607.0
6590	608.0
6591	626.0
6592	749.0
6593	1186.0
6594	789.0
6595	686.0
6596	688.0
6597	928.0
6598	1357.0
6599	1220.0
6600	1169.0
6601	1409.0
6602	1410.0
6603	1444.0
6604	1222.0
6605	1050.0
6606	1201.0
6607	1251.0
6608	1451.0
6609	1359.0
6610	1318.0
6611	1186.0
6612	1296.0
6613	1429.0
6614	1549.0
6615	2021.0
6616	2101.0
6617	2292.0
6618	2160.0
6619	1821.0
6620	1268.0
6621	1038.0
6622	869.0
6623	914.0
6624	881.0
6625	877.0
6626	953.0
6627	926.0
6628	894.0
6629	836.0
6630	872.0
6631	773.0
6632	755.0
6633	667.0
6634	820.0
6635	953.0
6636	1107.0
6637	1217.0
6638	1336.0
6639	1357.0
6640	1289.0
6641	1346.0
6642	1438.0
6643	1493.0
6644	1605.0
6645	1678.0
6646	1589.0
6647	1468.0
6648	1515.0
6649	1449.0
6650	1361.0
6651	1375.0
6652	1493.0
6653	1551.0
6654	1444.0
6655	1399.0
6656	1373.0
6657	1349.0
6658	1210.0
6659	1050.0
6660	1035.0
6661	1175.0
6662	1288.0
6663	1342.0
6664	1500.0
6665	1771.0
6666	2085.0
6667	2300.0
6668	2340.0
6669	2498.0
6670	2447.0
6671	2316.0
6672	2145.0
6673	2079.0
6674	2123.0
6675	2017.0
6676	1981.0
6677	2033.0
6678	2067.0
6679	1831.0
6680	1757.0
6681	1826.0
6682	2015.0
6683	1911.0
6684	1641.0
6685	1504.0
6686	1575.0
6687	1724.0
6688	1718.0
6689	1693.0
6690	1742.0
6691	1858.0
6692	2045.0
6693	1889.0
6694	1635.0
6695	1532.0
6696	1712.0
6697	1720.0
6698	1543.0
6699	1441.0
6700	1432.0
6701	1347.0
6702	1237.0
6703	1045.0
6704	1058.0
6705	1177.0
6706	1262.0
6707	988.0
6708	891.0
6709	993.0
6710	1239.0
6711	1299.0
6712	1442.0
6713	1426.0
6714	1227.0
6715	1202.0
6716	1135.0
6717	1076.0
6718	970.0
6719	994.0
6720	952.0
6721	956.0
6722	957.0
6723	901.0
6724	794.0
6725	683.0
6726	624.0
6727	652.0
6728	739.0
6729	795.0
6730	601.0
6731	425.0
6732	356.0
6733	329.0
6734	374.0
6735	483.0
6736	508.0
6737	492.0
6738	523.0
6739	575.0
6740	693.0
6741	694.0
6742	608.0
6743	524.0
6744	450.0
6745	388.0
6746	369.0
6747	382.0
6748	413.0
6749	420.0
6750	367.0
6751	235.0
6752	166.0
6753	487.0
6754	284.0
6755	262.0
6756	257.0
6757	244.0
6758	278.0
6759	335.0
6760	356.0
6761	302.0
6762	445.0
6763	447.0
6764	579.0
6765	607.0
6766	529.0
6767	400.0
6768	407.0
6769	353.0
6770	254.0
6771	340.0
6772	201.0
6773	149.0
6774	158.0
6775	280.0
6776	144.0
6777	310.0
6778	338.0
6779	271.0
6780	284.0
6781	418.0
6782	370.0
6783	223.0
6784	161.0
6785	219.0
6786	229.0
6787	84.0
6788	57.0
6789	40.0
6790	11.0
6791	11.0
6792	7.0
6793	6.0
6794	6.0
6795	8.0
6796	25.0
6797	57.0
6798	50.0
6799	89.0
6800	63.0
6801	46.0
6802	58.0
6803	36.0
6804	28.0
6805	50.0
6806	106.0
6807	157.0
6808	230.0
6809	326.0
6810	376.0
6811	398.0
6812	322.0
6813	281.0
6814	214.0
6815	175.0
6816	105.0
6817	105.0
6818	307.0
6819	355.0
6820	424.0
6821	504.0
6822	534.0
6823	555.0
6824	550.0
6825	547.0
6826	581.0
6827	560.0
6828	524.0
6829	593.0
6830	634.0
6831	694.0
6832	806.0
6833	856.0
6834	1028.0
6835	1142.0
6836	1167.0
6837	1199.0
6838	1401.0
6839	1526.0
6840	1416.0
6841	1283.0
6842	1352.0
6843	1359.0
6844	1451.0
6845	1447.0
6846	1439.0
6847	1416.0
6848	1389.0
6849	1387.0
6850	1319.0
6851	1266.0
6852	1180.0
6853	1351.0
6854	1249.0
6855	1315.0
6856	1238.0
6857	1202.0
6858	1192.0
6859	1341.0
6860	1342.0
6861	1351.0
6862	1355.0
6863	1539.0
6864	1672.0
6865	1649.0
6866	1671.0
6867	1723.0
6868	1779.0
6869	1728.0
6870	1617.0
6871	1725.0
6872	1846.0
6873	1928.0
6874	2050.0
6875	2139.0
6876	2187.0
6877	2416.0
6878	2526.0
6879	2475.0
6880	2406.0
6881	2443.0
6882	2443.0
6883	2394.0
6884	2203.0
6885	2293.0
6886	2180.0
6887	2205.0
6888	2397.0
6889	2487.0
6890	2497.0
6891	2406.0
6892	2200.0
6893	1973.0
6894	1841.0
6895	1831.0
6896	1804.0
6897	1701.0
6898	1495.0
6899	1261.0
6900	1157.0
6901	1200.0
6902	1266.0
6903	1225.0
6904	1304.0
6905	1343.0
6906	1395.0
6907	1360.0
6908	1421.0
6909	1349.0
6910	1045.0
6911	1023.0
6912	1019.0
6913	1028.0
6914	976.0
6915	836.0
6916	841.0
6917	892.0
6918	945.0
6919	902.0
6920	933.0
6921	959.0
6922	1024.0
6923	907.0
6924	1014.0
6925	1102.0
6926	942.0
6927	817.0
6928	709.0
6929	733.0
6930	876.0
6931	1179.0
6932	1193.0
6933	1152.0
6934	1082.0
6935	942.0
6936	857.0
6937	793.0
6938	863.0
6939	898.0
6940	968.0
6941	1029.0
6942	1210.0
6943	1274.0
6944	1133.0
6945	958.0
6946	933.0
6947	1061.0
6948	1137.0
6949	1167.0
6950	1226.0
6951	1141.0
6952	1382.0
6953	1585.0
6954	1679.0
6955	1704.0
6956	1461.0
6957	1044.0
6958	916.0
6959	775.0
6960	702.0
6961	490.0
6962	360.0
6963	350.0
6964	347.0
6965	467.0
6966	437.0
6967	520.0
6968	542.0
6969	614.0
6970	694.0
6971	694.0
6972	668.0
6973	715.0
6974	638.0
6975	500.0
6976	491.0
6977	625.0
6978	820.0
6979	910.0
6980	1027.0
6981	1145.0
6982	1292.0
6983	1264.0
6984	1239.0
6985	1274.0
6986	1255.0
6987	1267.0
6988	1370.0
6989	1445.0
6990	1437.0
6991	1521.0
6992	1552.0
6993	1696.0
6994	1919.0
6995	2202.0
6996	2528.0
6997	2684.0
6998	2263.0
6999	1436.0
7000	1315.0
7001	1439.0
7002	1443.0
7003	1457.0
7004	1318.0
7005	1341.0
7006	1456.0
7007	1565.0
7008	1552.0
7009	1118.0
7010	1293.0
7011	1661.0
7012	1507.0
7013	1915.0
7014	1550.0
7015	1910.0
7016	1991.0
7017	1651.0
7018	1333.0
7019	907.0
7020	679.0
7021	437.0
7022	479.0
7023	379.0
7024	235.0
7025	273.0
7026	371.0
7027	600.0
7028	1166.0
7029	1448.0
7030	1424.0
7031	1234.0
7032	983.0
7033	1137.0
7034	1078.0
7035	1041.0
7036	1044.0
7037	1262.0
7038	995.0
7039	1007.0
7040	1189.0
7041	1286.0
7042	1504.0
7043	1374.0
7044	1250.0
7045	1057.0
7046	818.0
7047	829.0
7048	931.0
7049	1027.0
7050	864.0
7051	582.0
7052	742.0
7053	660.0
7054	493.0
7055	494.0
7056	375.0
7057	194.0
7058	161.0
7059	158.0
7060	219.0
7061	274.0
7062	302.0
7063	247.0
7064	257.0
7065	442.0
7066	477.0
7067	600.0
7068	757.0
7069	891.0
7070	893.0
7071	913.0
7072	882.0
7073	919.0
7074	898.0
7075	946.0
7076	888.0
7077	846.0
7078	553.0
7079	484.0
7080	529.0
7081	540.0
7082	564.0
7083	430.0
7084	346.0
7085	223.0
7086	150.0
7087	127.0
7088	122.0
7089	211.0
7090	158.0
7091	204.0
7092	335.0
7093	203.0
7094	167.0
7095	171.0
7096	142.0
7097	230.0
7098	327.0
7099	243.0
7100	186.0
7101	141.0
7102	121.0
7103	73.0
7104	26.0
7105	27.0
7106	36.0
7107	51.0
7108	76.0
7109	75.0
7110	70.0
7111	93.0
7112	83.0
7113	78.0
7114	69.0
7115	62.0
7116	49.0
7117	78.0
7118	160.0
7119	185.0
7120	265.0
7121	326.0
7122	374.0
7123	449.0
7124	595.0
7125	554.0
7126	583.0
7127	493.0
7128	446.0
7129	476.0
7130	595.0
7131	596.0
7132	781.0
7133	1037.0
7134	1202.0
7135	1217.0
7136	1161.0
7137	996.0
7138	882.0
7139	826.0
7140	736.0
7141	720.0
7142	751.0
7143	677.0
7144	769.0
7145	866.0
7146	733.0
7147	665.0
7148	531.0
7149	515.0
7150	347.0
7151	257.0
7152	263.0
7153	250.0
7154	226.0
7155	148.0
7156	172.0
7157	162.0
7158	127.0
7159	114.0
7160	74.0
7161	68.0
7162	33.0
7163	18.0
7164	25.0
7165	23.0
7166	22.0
7167	22.0
7168	22.0
7169	22.0
7170	18.0
7171	19.0
7172	26.0
7173	25.0
7174	36.0
7175	93.0
7176	117.0
7177	100.0
7178	109.0
7179	146.0
7180	178.0
7181	220.0
7182	248.0
7183	271.0
7184	391.0
7185	444.0
7186	533.0
7187	645.0
7188	793.0
7189	762.0
7190	888.0
7191	1039.0
7192	1228.0
7193	1211.0
7194	1352.0
7195	1318.0
7196	1354.0
7197	1496.0
7198	1475.0
7199	1265.0
7200	1032.0
7201	912.0
7202	824.0
7203	776.0
7204	674.0
7205	645.0
7206	594.0
7207	717.0
7208	865.0
7209	1093.0
7210	1298.0
7211	1544.0
7212	1654.0
7213	1719.0
7214	1736.0
7215	1715.0
7216	1729.0
7217	1889.0
7218	2004.0
7219	2149.0
7220	2227.0
7221	2113.0
7222	2164.0
7223	2233.0
7224	2238.0
7225	2297.0
7226	2327.0
7227	2251.0
7228	2158.0
7229	2081.0
7230	2017.0
7231	1978.0
7232	1957.0
7233	1905.0
7234	1711.0
7235	1320.0
7236	1247.0
7237	953.0
7238	645.0
7239	556.0
7240	568.0
7241	616.0
7242	792.0
7243	646.0
7244	600.0
7245	601.0
7246	503.0
7247	478.0
7248	546.0
7249	508.0
7250	533.0
7251	478.0
7252	515.0
7253	489.0
7254	298.0
7255	260.0
7256	283.0
7257	225.0
7258	170.0
7259	197.0
7260	211.0
7261	250.0
7262	240.0
7263	279.0
7264	275.0
7265	173.0
7266	145.0
7267	99.0
7268	39.0
7269	15.0
7270	15.0
7271	31.0
7272	51.0
7273	78.0
7274	110.0
7275	65.0
7276	56.0
7277	45.0
7278	93.0
7279	52.0
7280	37.0
7281	20.0
7282	11.0
7283	8.0
7284	31.0
7285	68.0
7286	48.0
7287	33.0
7288	39.0
7289	29.0
7290	22.0
7291	40.0
7292	40.0
7293	39.0
7294	57.0
7295	92.0
7296	108.0
7297	125.0
7298	95.0
7299	74.0
7300	69.0
7301	65.0
7302	80.0
7303	68.0
7304	24.0
7305	24.0
7306	30.0
7307	58.0
7308	49.0
7309	25.0
7310	10.0
7311	13.0
7312	39.0
7313	60.0
7314	150.0
7315	277.0
7316	362.0
7317	479.0
7318	559.0
7319	607.0
7320	621.0
7321	658.0
7322	655.0
7323	675.0
7324	680.0
7325	624.0
7326	553.0
7327	451.0
7328	520.0
7329	604.0
7330	606.0
7331	867.0
7332	1402.0
7333	1616.0
7334	1682.0
7335	1412.0
7336	1477.0
7337	1456.0
7338	1289.0
7339	1359.0
7340	1304.0
7341	1200.0
7342	1347.0
7343	1468.0
7344	1576.0
7345	1697.0
7346	1466.0
7347	1869.0
7348	2075.0
7349	2290.0
7350	2317.0
7351	2244.0
7352	2086.0
7353	2105.0
7354	2172.0
7355	2079.0
7356	2087.0
7357	1969.0
7358	1669.0
7359	1421.0
7360	1289.0
7361	940.0
7362	696.0
7363	670.0
7364	575.0
7365	510.0
7366	342.0
7367	283.0
7368	260.0
7369	258.0
7370	247.0
7371	319.0
7372	282.0
7373	302.0
7374	275.0
7375	216.0
7376	186.0
7377	184.0
7378	225.0
7379	307.0
7380	415.0
7381	507.0
7382	779.0
7383	744.0
7384	833.0
7385	721.0
7386	1211.0
7387	1602.0
7388	1628.0
7389	1803.0
7390	1894.0
7391	2054.0
7392	2033.0
7393	2083.0
7394	2094.0
7395	2312.0
7396	2173.0
7397	2135.0
7398	2140.0
7399	1977.0
7400	1702.0
7401	1640.0
7402	1702.0
7403	1649.0
7404	1406.0
7405	1290.0
7406	997.0
7407	1173.0
7408	1102.0
7409	1376.0
7410	1576.0
7411	1654.0
7412	1464.0
7413	1102.0
7414	687.0
7415	565.0
7416	535.0
7417	427.0
7418	330.0
7419	314.0
7420	259.0
7421	370.0
7422	238.0
7423	317.0
7424	387.0
7425	437.0
7426	806.0
7427	712.0
7428	711.0
7429	730.0
7430	626.0
7431	675.0
7432	913.0
7433	1048.0
7434	1192.0
7435	1156.0
7436	1098.0
7437	1377.0
7438	1507.0
7439	1813.0
7440	1971.0
7441	1824.0
7442	1611.0
7443	1432.0
7444	1339.0
7445	1302.0
7446	1353.0
7447	1294.0
7448	1158.0
7449	929.0
7450	966.0
7451	807.0
7452	755.0
7453	610.0
7454	578.0
7455	719.0
7456	813.0
7457	855.0
7458	770.0
7459	760.0
7460	764.0
7461	804.0
7462	811.0
7463	886.0
7464	956.0
7465	1203.0
7466	1313.0
7467	1419.0
7468	1579.0
7469	1799.0
7470	1828.0
7471	1774.0
7472	1584.0
7473	1345.0
7474	1310.0
7475	1130.0
7476	1070.0
7477	1056.0
7478	937.0
7479	781.0
7480	641.0
7481	529.0
7482	469.0
7483	293.0
7484	377.0
7485	305.0
7486	190.0
7487	280.0
7488	453.0
7489	426.0
7490	278.0
7491	290.0
7492	332.0
7493	205.0
7494	183.0
7495	158.0
7496	145.0
7497	154.0
7498	140.0
7499	159.0
7500	211.0
7501	247.0
7502	232.0
7503	256.0
7504	348.0
7505	483.0
7506	585.0
7507	597.0
7508	555.0
7509	493.0
7510	471.0
7511	453.0
7512	519.0
7513	537.0
7514	655.0
7515	706.0
7516	711.0
7517	645.0
7518	725.0
7519	753.0
7520	819.0
7521	823.0
7522	748.0
7523	691.0
7524	705.0
7525	648.0
7526	541.0
7527	463.0
7528	538.0
7529	562.0
7530	504.0
7531	477.0
7532	418.0
7533	236.0
7534	205.0
7535	309.0
7536	276.0
7537	334.0
7538	369.0
7539	326.0
7540	304.0
7541	289.0
7542	305.0
7543	307.0
7544	263.0
7545	154.0
7546	146.0
7547	168.0
7548	172.0
7549	250.0
7550	340.0
7551	467.0
7552	629.0
7553	812.0
7554	1027.0
7555	949.0
7556	1040.0
7557	1288.0
7558	1168.0
7559	1170.0
7560	1309.0
7561	1474.0
7562	1496.0
7563	1416.0
7564	1309.0
7565	1155.0
7566	1042.0
7567	1001.0
7568	678.0
7569	494.0
7570	455.0
7571	415.0
7572	328.0
7573	237.0
7574	159.0
7575	125.0
7576	115.0
7577	147.0
7578	183.0
7579	249.0
7580	313.0
7581	445.0
7582	561.0
7583	639.0
7584	767.0
7585	817.0
7586	854.0
7587	958.0
7588	1080.0
7589	1174.0
7590	1287.0
7591	1349.0
7592	1338.0
7593	1388.0
7594	1343.0
7595	1386.0
7596	1369.0
7597	1339.0
7598	1437.0
7599	1564.0
7600	1628.0
7601	1822.0
7602	1884.0
7603	1819.0
7604	1648.0
7605	1666.0
7606	1477.0
7607	1314.0
7608	1118.0
7609	1021.0
7610	938.0
7611	812.0
7612	832.0
7613	799.0
7614	728.0
7615	614.0
7616	527.0
7617	448.0
7618	392.0
7619	384.0
7620	347.0
7621	281.0
7622	223.0
7623	205.0
7624	209.0
7625	245.0
7626	394.0
7627	501.0
7628	587.0
7629	381.0
7630	412.0
7631	443.0
7632	498.0
7633	575.0
7634	611.0
7635	750.0
7636	806.0
7637	837.0
7638	856.0
7639	779.0
7640	744.0
7641	820.0
7642	1002.0
7643	1428.0
7644	1180.0
7645	1254.0
7646	1382.0
7647	1546.0
7648	2047.0
7649	2475.0
7650	2435.0
7651	2430.0
7652	2481.0
7653	2369.0
7654	2162.0
7655	2036.0
7656	1828.0
7657	1797.0
7658	1766.0
7659	1836.0
7660	1955.0
7661	1930.0
7662	1870.0
7663	1581.0
7664	1730.0
7665	1866.0
7666	1824.0
7667	1929.0
7668	1796.0
7669	1247.0
7670	1058.0
7671	854.0
7672	561.0
7673	470.0
7674	345.0
7675	307.0
7676	295.0
7677	206.0
7678	161.0
7679	294.0
7680	394.0
7681	605.0
7682	760.0
7683	947.0
7684	964.0
7685	1393.0
7686	1896.0
7687	2183.0
7688	2102.0
7689	2691.0
7690	2783.0
7691	2950.0
7692	3107.0
7693	3039.0
7694	2907.0
7695	2807.0
7696	2743.0
7697	2626.0
7698	2615.0
7699	2129.0
7700	1930.0
7701	1723.0
7702	1737.0
7703	1394.0
7704	1220.0
7705	1257.0
7706	1186.0
7707	1277.0
7708	1586.0
7709	1502.0
7710	1750.0
7711	1927.0
7712	1945.0
7713	2225.0
7714	2547.0
7715	2886.0
7716	3117.0
7717	3136.0
7718	3004.0
7719	3325.0
7720	3636.0
7721	3773.0
7722	3759.0
7723	3619.0
7724	3403.0
7725	2972.0
7726	2648.0
7727	2425.0
7728	2179.0
7729	2141.0
7730	2093.0
7731	2098.0
7732	2739.0
7733	3033.0
7734	2958.0
7735	2866.0
7736	2649.0
7737	2652.0
7738	2817.0
7739	2948.0
7740	3059.0
7741	3126.0
7742	2827.0
7743	2709.0
7744	2684.0
7745	2870.0
7746	2709.0
7747	2750.0
7748	2819.0
7749	2624.0
7750	2629.0
7751	2594.0
7752	2387.0
7753	2460.0
7754	2587.0
7755	2500.0
7756	2643.0
7757	2489.0
7758	2173.0
7759	2104.0
7760	1976.0
7761	1937.0
7762	2148.0
7763	2199.0
7764	2265.0
7765	2338.0
7766	2288.0
7767	2274.0
7768	1906.0
7769	2207.0
7770	2118.0
7771	2202.0
7772	2225.0
7773	2171.0
7774	2149.0
7775	2411.0
7776	2552.0
7777	2768.0
7778	2825.0
7779	3017.0
7780	3266.0
7781	3473.0
7782	3784.0
7783	3646.0
7784	3859.0
7785	3754.0
7786	3465.0
7787	3254.0
7788	2362.0
7789	2306.0
7790	2845.0
7791	3135.0
7792	3404.0
7793	3370.0
7794	3109.0
7795	2583.0
7796	1929.0
7797	1527.0
7798	1067.0
7799	694.0
7800	534.0
7801	648.0
7802	773.0
7803	942.0
7804	1186.0
7805	1383.0
7806	1429.0
7807	1440.0
7808	1538.0
7809	1591.0
7810	1799.0
7811	1862.0
7812	2091.0
7813	2233.0
7814	2459.0
7815	2510.0
7816	2806.0
7817	2909.0
7818	3051.0
7819	2692.0
7820	2515.0
7821	2796.0
7822	2941.0
7823	2899.0
7824	2917.0
7825	2970.0
7826	3040.0
7827	3172.0
7828	3172.0
7829	3421.0
7830	3570.0
7831	3472.0
7832	3412.0
7833	3400.0
7834	3335.0
7835	3164.0
7836	2915.0
7837	2489.0
7838	1967.0
7839	1673.0
7840	1438.0
7841	1508.0
7842	1548.0
7843	1439.0
7844	1414.0
7845	1461.0
7846	1320.0
7847	1217.0
7848	1008.0
7849	652.0
7850	344.0
7851	188.0
7852	95.0
7853	58.0
7854	54.0
7855	62.0
7856	142.0
7857	270.0
7858	394.0
7859	278.0
7860	296.0
7861	336.0
7862	494.0
7863	812.0
7864	1147.0
7865	1290.0
7866	1361.0
7867	1505.0
7868	1897.0
7869	2047.0
7870	2046.0
7871	1976.0
7872	1951.0
7873	2216.0
7874	2197.0
7875	2227.0
7876	2198.0
7877	2041.0
7878	2139.0
7879	2415.0
7880	2444.0
7881	2361.0
7882	2384.0
7883	2374.0
7884	2341.0
7885	2188.0
7886	2152.0
7887	2158.0
7888	2251.0
7889	2370.0
7890	2552.0
7891	2525.0
7892	2398.0
7893	2286.0
7894	2328.0
7895	2181.0
7896	2094.0
7897	2171.0
7898	2121.0
7899	2188.0
7900	2173.0
7901	2143.0
7902	2064.0
7903	2116.0
7904	2018.0
7905	1872.0
7906	1531.0
7907	1317.0
7908	1367.0
7909	1419.0
7910	1490.0
7911	1562.0
7912	1705.0
7913	1712.0
7914	1653.0
7915	1371.0
7916	1108.0
7917	871.0
7918	740.0
7919	602.0
7920	492.0
7921	347.0
7922	227.0
7923	141.0
7924	116.0
7925	107.0
7926	81.0
7927	97.0
7928	103.0
7929	97.0
7930	74.0
7931	114.0
7932	155.0
7933	195.0
7934	216.0
7935	212.0
7936	292.0
7937	412.0
7938	598.0
7939	654.0
7940	608.0
7941	730.0
7942	923.0
7943	1047.0
7944	1109.0
7945	1250.0
7946	1253.0
7947	1145.0
7948	1190.0
7949	1353.0
7950	1274.0
7951	1102.0
7952	1005.0
7953	1049.0
7954	936.0
7955	855.0
7956	995.0
7957	1039.0
7958	1059.0
7959	1064.0
7960	1096.0
7961	1037.0
7962	901.0
7963	970.0
7964	1105.0
7965	1250.0
7966	1224.0
7967	1113.0
7968	1181.0
7969	1068.0
7970	926.0
7971	1007.0
7972	1218.0
7973	1439.0
7974	1455.0
7975	1240.0
7976	1148.0
7977	890.0
7978	640.0
7979	499.0
7980	510.0
7981	487.0
7982	449.0
7983	421.0
7984	458.0
7985	438.0
7986	410.0
7987	422.0
7988	440.0
7989	361.0
7990	322.0
7991	321.0
7992	313.0
7993	295.0
7994	257.0
7995	218.0
7996	194.0
7997	193.0
7998	189.0
7999	186.0
8000	193.0
8001	195.0
8002	191.0
8003	205.0
8004	281.0
8005	315.0
8006	347.0
8007	413.0
8008	578.0
8009	761.0
8010	924.0
8011	1009.0
8012	1120.0
8013	1365.0
8014	1556.0
8015	1551.0
8016	1835.0
8017	1888.0
8018	1849.0
8019	1819.0
8020	1688.0
8021	1522.0
8022	1564.0
8023	1498.0
8024	1440.0
8025	1631.0
8026	1822.0
8027	1905.0
8028	2033.0
8029	2120.0
8030	2139.0
8031	2143.0
8032	2087.0
8033	2018.0
8034	1881.0
8035	1726.0
8036	1725.0
8037	1838.0
8038	1817.0
8039	1791.0
8040	1760.0
8041	1797.0
8042	1751.0
8043	1790.0
8044	1728.0
8045	1756.0
8046	1771.0
8047	1766.0
8048	1754.0
8049	1703.0
8050	1692.0
8051	1750.0
8052	1835.0
8053	1944.0
8054	2092.0
8055	2226.0
8056	2369.0
8057	2387.0
8058	2440.0
8059	2515.0
8060	2417.0
8061	2390.0
8062	2160.0
8063	2163.0
8064	2310.0
8065	2268.0
8066	2201.0
8067	2168.0
8068	2066.0
8069	1883.0
8070	1343.0
8071	930.0
8072	715.0
8073	517.0
8074	370.0
8075	388.0
8076	379.0
8077	338.0
8078	356.0
8079	326.0
8080	342.0
8081	291.0
8082	358.0
8083	318.0
8084	280.0
8085	284.0
8086	270.0
8087	295.0
8088	323.0
8089	306.0
8090	331.0
8091	365.0
8092	392.0
8093	358.0
8094	312.0
8095	298.0
8096	252.0
8097	198.0
8098	134.0
8099	85.0
8100	63.0
8101	61.0
8102	72.0
8103	77.0
8104	87.0
8105	145.0
8106	238.0
8107	281.0
8108	302.0
8109	264.0
8110	218.0
8111	207.0
8112	217.0
8113	229.0
8114	239.0
8115	274.0
8116	295.0
8117	331.0
8118	349.0
8119	389.0
8120	412.0
8121	425.0
8122	448.0
8123	453.0
8124	456.0
8125	481.0
8126	557.0
8127	603.0
8128	723.0
8129	883.0
8130	859.0
8131	779.0
8132	802.0
8133	681.0
8134	590.0
8135	492.0
8136	432.0
8137	349.0
8138	356.0
8139	456.0
8140	564.0
8141	530.0
8142	524.0
8143	395.0
8144	372.0
8145	249.0
8146	118.0
8147	43.0
8148	26.0
8149	19.0
8150	18.0
8151	21.0
8152	26.0
8153	34.0
8154	46.0
8155	47.0
8156	33.0
8157	21.0
8158	14.0
8159	10.0
8160	8.0
8161	11.0
8162	8.0
8163	10.0
8164	10.0
8165	21.0
8166	40.0
8167	62.0
8168	141.0
8169	260.0
8170	284.0
8171	267.0
8172	248.0
8173	179.0
8174	213.0
8175	321.0
8176	497.0
8177	699.0
8178	819.0
8179	873.0
8180	1049.0
8181	1171.0
8182	1110.0
8183	1342.0
8184	1431.0
8185	1252.0
8186	1330.0
8187	1426.0
8188	1450.0
8189	1487.0
8190	1748.0
8191	1904.0
8192	1933.0
8193	2025.0
8194	2183.0
8195	2397.0
8196	2460.0
8197	2492.0
8198	2666.0
8199	2634.0
8200	2785.0
8201	2913.0
8202	3112.0
8203	3168.0
8204	3182.0
8205	3163.0
8206	3228.0
8207	3175.0
8208	3199.0
8209	3135.0
8210	3107.0
8211	3013.0
8212	3015.0
8213	2953.0
8214	2959.0
8215	2886.0
8216	2727.0
8217	2633.0
8218	2594.0
8219	2433.0
8220	2308.0
8221	2476.0
8222	2513.0
8223	2453.0
8224	2350.0
8225	2417.0
8226	2899.0
8227	3002.0
8228	2916.0
8229	2761.0
8230	2491.0
8231	2283.0
8232	2182.0
8233	1965.0
8234	1575.0
8235	1276.0
8236	1089.0
8237	1490.0
8238	1330.0
8239	1492.0
8240	1742.0
8241	1710.0
8242	1732.0
8243	1788.0
8244	1746.0
8245	1905.0
8246	2224.0
8247	2329.0
8248	2534.0
8249	2781.0
8250	2927.0
8251	2932.0
8252	2834.0
8253	2675.0
8254	2601.0
8255	2594.0
8256	2666.0
8257	2567.0
8258	2533.0
8259	2540.0
8260	2578.0
8261	2400.0
8262	2169.0
8263	1915.0
8264	1796.0
8265	1654.0
8266	1419.0
8267	1315.0
8268	1191.0
8269	1125.0
8270	1135.0
8271	879.0
8272	922.0
8273	1019.0
8274	899.0
8275	948.0
8276	1243.0
8277	1668.0
8278	2257.0
8279	2820.0
8280	2690.0
8281	2432.0
8282	2773.0
8283	2479.0
8284	2270.0
8285	2493.0
8286	2370.0
8287	2509.0
8288	2589.0
8289	2537.0
8290	2577.0
8291	2559.0
8292	2381.0
8293	2327.0
8294	2367.0
8295	2204.0
8296	2332.0
8297	2273.0
8298	2129.0
8299	2102.0
8300	1856.0
8301	1638.0
8302	1670.0
8303	1604.0
8304	1344.0
8305	1135.0
8306	926.0
8307	662.0
8308	402.0
8309	401.0
8310	246.0
8311	145.0
8312	120.0
8313	130.0
8314	177.0
8315	156.0
8316	155.0
8317	165.0
8318	197.0
8319	303.0
8320	338.0
8321	496.0
8322	597.0
8323	745.0
8324	834.0
8325	952.0
8326	1015.0
8327	1043.0
8328	1046.0
8329	960.0
8330	798.0
8331	726.0
8332	731.0
8333	665.0
8334	639.0
8335	629.0
8336	677.0
8337	662.0
8338	663.0
8339	656.0
8340	740.0
8341	660.0
8342	648.0
8343	528.0
8344	396.0
8345	371.0
8346	345.0
8347	460.0
8348	454.0
8349	430.0
8350	409.0
8351	434.0
8352	397.0
8353	344.0
8354	311.0
8355	297.0
8356	317.0
8357	346.0
8358	348.0
8359	348.0
8360	322.0
8361	243.0
8362	166.0
8363	116.0
8364	97.0
8365	113.0
8366	166.0
8367	290.0
8368	366.0
8369	333.0
8370	374.0
8371	427.0
8372	518.0
8373	451.0
8374	487.0
8375	591.0
8376	655.0
8377	731.0
8378	665.0
8379	739.0
8380	779.0
8381	834.0
8382	873.0
8383	917.0
8384	955.0
8385	1002.0
8386	1112.0
8387	1167.0
8388	1147.0
8389	1192.0
8390	1348.0
8391	1496.0
8392	1456.0
8393	1423.0
8394	1259.0
8395	1092.0
8396	1014.0
8397	956.0
8398	977.0
8399	1035.0
8400	1057.0
8401	1008.0
8402	869.0
8403	933.0
8404	909.0
8405	854.0
8406	814.0
8407	798.0
8408	669.0
8409	604.0
8410	489.0
8411	407.0
8412	283.0
8413	199.0
8414	255.0
8415	297.0
8416	349.0
8417	356.0
8418	358.0
8419	345.0
8420	276.0
8421	263.0
8422	300.0
8423	326.0
8424	347.0
8425	286.0
8426	250.0
8427	181.0
8428	164.0
8429	217.0
8430	281.0
8431	259.0
8432	257.0
8433	320.0
8434	211.0
8435	193.0
8436	233.0
8437	375.0
8438	332.0
8439	333.0
8440	341.0
8441	578.0
8442	652.0
8443	571.0
8444	543.0
8445	445.0
8446	503.0
8447	858.0
8448	930.0
8449	1070.0
8450	1110.0
8451	1175.0
8452	1063.0
8453	837.0
8454	625.0
8455	646.0
8456	477.0
8457	470.0
8458	485.0
8459	383.0
8460	252.0
8461	125.0
8462	48.0
8463	28.0
8464	29.0
8465	26.0
8466	33.0
8467	38.0
8468	21.0
8469	19.0
8470	9.0
8471	11.0
8472	19.0
8473	99.0
8474	180.0
8475	216.0
8476	220.0
8477	167.0
8478	139.0
8479	189.0
8480	288.0
8481	181.0
8482	133.0
8483	133.0
8484	199.0
8485	282.0
8486	338.0
8487	305.0
8488	382.0
8489	497.0
8490	485.0
8491	506.0
8492	576.0
8493	757.0
8494	827.0
8495	796.0
8496	769.0
8497	756.0
8498	584.0
8499	372.0
8500	297.0
8501	272.0
8502	332.0
8503	335.0
8504	346.0
8505	279.0
8506	246.0
8507	256.0
8508	299.0
8509	282.0
8510	225.0
8511	248.0
8512	295.0
8513	348.0
8514	437.0
8515	480.0
8516	591.0
8517	677.0
8518	812.0
8519	1404.0
8520	1324.0
8521	1365.0
8522	1644.0
8523	1859.0
8524	2033.0
8525	2360.0
8526	2576.0
8527	2535.0
8528	2648.0
8529	2978.0
8530	3043.0
8531	2905.0
8532	2669.0
8533	2601.0
8534	2603.0
8535	2623.0
8536	2387.0
8537	2287.0
8538	2342.0
8539	2250.0
8540	2243.0
8541	2406.0
8542	2271.0
8543	2052.0
8544	1804.0
8545	1577.0
8546	1421.0
8547	1289.0
8548	1078.0
8549	800.0
8550	995.0
8551	1003.0
8552	895.0
8553	940.0
8554	992.0
8555	1145.0
8556	1302.0
8557	1351.0
8558	1335.0
8559	1414.0
8560	1701.0
8561	1868.0
8562	2104.0
8563	2264.0
8564	2505.0
8565	2703.0
8566	2641.0
8567	2539.0
8568	2400.0
8569	2212.0
8570	2063.0
8571	1912.0
8572	1769.0
8573	1610.0
8574	1734.0
8575	1927.0
8576	1790.0
8577	1872.0
8578	2212.0
8579	2431.0
8580	2628.0
8581	2851.0
8582	3065.0
8583	3346.0
8584	3591.0
8585	3713.0
8586	3781.0
8587	3802.0
8588	3671.0
8589	3732.0
8590	3705.0
8591	3621.0
8592	3233.0
8593	2952.0
8594	2815.0
8595	2753.0
8596	2705.0
8597	2767.0
8598	2792.0
8599	2728.0
8600	2947.0
8601	3007.0
8602	3329.0
8603	3570.0
8604	3602.0
8605	3621.0
8606	3565.0
8607	3548.0
8608	3469.0
8609	3605.0
8610	3685.0
8611	3738.0
8612	3738.0
8613	3702.0
8614	3646.0
8615	3563.0
8616	3525.0
8617	3537.0
8618	3547.0
8619	3503.0
8620	3495.0
8621	3551.0
8622	3707.0
8623	3627.0
8624	3536.0
8625	3444.0
8626	3494.0
8627	3518.0
8628	3586.0
8629	3582.0
8630	3581.0
8631	3618.0
8632	3577.0
8633	3610.0
8634	3603.0
8635	3677.0
8636	3698.0
8637	3612.0
8638	3643.0
8639	3623.0
8640	3630.0
8641	3647.0
8642	3649.0
8643	3500.0
8644	3512.0
8645	3300.0
8646	2834.0
8647	2762.0
8648	2997.0
8649	3423.0
8650	3606.0
8651	3674.0
8652	3693.0
8653	3626.0
8654	3623.0
8655	3565.0
8656	3486.0
8657	3417.0
8658	3381.0
8659	3450.0
8660	3572.0
8661	3584.0
8662	3615.0
8663	3375.0
8664	3396.0
8665	3230.0
8666	3078.0
8667	2899.0
8668	2469.0
8669	2564.0
8670	2478.0
8671	2310.0
8672	1925.0
8673	1655.0
8674	1803.0
8675	1923.0
8676	1826.0
8677	1767.0
8678	1403.0
8679	1213.0
8680	1129.0
8681	1042.0
8682	933.0
8683	903.0
8684	783.0
8685	727.0
8686	645.0
8687	541.0
8688	441.0
8689	434.0
8690	400.0
8691	332.0
8692	490.0
8693	521.0
8694	477.0
8695	407.0
8696	313.0
8697	235.0
8698	201.0
8699	190.0
8700	152.0
8701	172.0
8702	170.0
8703	214.0
8704	196.0
8705	150.0
8706	181.0
8707	390.0
8708	518.0
8709	578.0
8710	570.0
8711	494.0
8712	477.0
8713	524.0
8714	613.0
8715	636.0
8716	613.0
8717	359.0
8718	365.0
8719	382.0
8720	427.0
8721	444.0
8722	418.0
8723	416.0
8724	419.0
8725	414.0
8726	439.0
8727	478.0
8728	551.0
8729	594.0
8730	572.0
8731	541.0
8732	587.0
8733	606.0
8734	607.0
8735	733.0
8736	751.0
8737	756.0
8738	850.0
8739	821.0
8740	819.0
8741	807.0
8742	701.0
8743	663.0
8744	626.0
8745	625.0
8746	605.0
8747	563.0
8748	552.0
8749	568.0
8750	546.0
8751	617.0
8752	775.0
8753	855.0
8754	809.0
8755	826.0
8756	881.0
8757	934.0
8758	986.0
8759	1090.0
8760	1114.0
8761	1148.0
8762	1116.0
8763	1171.0
8764	1234.0
8765	1336.0
8766	1480.0
8767	1512.0
8768	1400.0
8769	1396.0
8770	1436.0
8771	1514.0
8772	1648.0
8773	1886.0
8774	2006.0
8775	2085.0
8776	2188.0
8777	2297.0
8778	2266.0
8779	2197.0
8780	2202.0
8781	2174.0
8782	2194.0
8783	2236.0
