#1
double cspSolarIrradiance(8760,2)
0	0.0
1	0.0
2	0.0
3	0.0
4	0.0
5	0.0
6	0.0
7	0.0003
8	0.3076
9	3.8352
10	24.9787
11	63.4547
12	74.4341
13	35.5017
14	8.68
15	0.2587
16	0.0
17	0.0
18	0.0
19	0.0
20	0.0
21	0.0
22	0.0
23	0.0
24	0.0
25	0.0
26	0.0
27	0.0
28	0.0
29	0.0
30	0.0
31	0.0141
32	4.6159
33	21.9241
34	43.9657
35	61.6248
36	48.1819
37	14.7379
38	2.9241
39	0.1357
40	0.0
41	0.0
42	0.0
43	0.0
44	0.0
45	0.0
46	0.0
47	0.0
48	0.0
49	0.0
50	0.0
51	0.0
52	0.0
53	0.0
54	0.0
55	0.0085
56	2.7504
57	13.8892
58	27.264
59	43.2859
60	25.5157
61	7.4853
62	1.3591
63	0.0485
64	0.0
65	0.0
66	0.0
67	0.0
68	0.0
69	0.0
70	0.0
71	0.0
72	0.0
73	0.0
74	0.0
75	0.0
76	0.0
77	0.0
78	0.0
79	0.0073
80	1.7736
81	5.3821
82	4.992
83	2.9315
84	1.6961
85	0.8184
86	0.2647
87	0.0133
88	0.0
89	0.0
90	0.0
91	0.0
92	0.0
93	0.0
94	0.0
95	0.0
96	0.0
97	0.0
98	0.0
99	0.0
100	0.0
101	0.0
102	0.0
103	0.0032
104	0.3327
105	1.1792
106	2.0304
107	2.3287
108	1.6706
109	0.9176
110	0.303
111	0.0151
112	0.0
113	0.0
114	0.0
115	0.0
116	0.0
117	0.0
118	0.0
119	0.0
120	0.0
121	0.0
122	0.0
123	0.0
124	0.0
125	0.0
126	0.0
127	0.009
128	0.804
129	4.891
130	21.004
131	32.8439
132	24.6095
133	10.6025
134	2.1672
135	0.1002
136	0.0
137	0.0
138	0.0
139	0.0
140	0.0
141	0.0
142	0.0
143	0.0
144	0.0
145	0.0
146	0.0
147	0.0
148	0.0
149	0.0
150	0.0
151	0.0047
152	0.3455
153	1.4596
154	2.9666
155	3.8467
156	3.5396
157	2.1593
158	0.7669
159	0.0427
160	0.0
161	0.0
162	0.0
163	0.0
164	0.0
165	0.0
166	0.0
167	0.0
168	0.0
169	0.0
170	0.0
171	0.0
172	0.0
173	0.0
174	0.0
175	0.0064
176	0.2805
177	0.8464
178	1.7177
179	2.779
180	2.5167
181	1.3556
182	0.446
183	0.0336
184	0.0
185	0.0
186	0.0
187	0.0
188	0.0
189	0.0
190	0.0
191	0.0
192	0.0
193	0.0
194	0.0
195	0.0
196	0.0
197	0.0
198	0.0
199	0.0005
200	0.0452
201	0.1611
202	0.4235
203	0.859
204	1.0957
205	1.0321
206	0.4934
207	0.0617
208	0.0
209	0.0
210	0.0
211	0.0
212	0.0
213	0.0
214	0.0
215	0.0
216	0.0
217	0.0
218	0.0
219	0.0
220	0.0
221	0.0
222	0.0
223	0.0463
224	3.4103
225	13.4653
226	36.819
227	69.264
228	71.8372
229	44.7635
230	11.5437
231	0.48
232	0.0
233	0.0
234	0.0
235	0.0
236	0.0
237	0.0
238	0.0
239	0.0
240	0.0
241	0.0
242	0.0
243	0.0
244	0.0
245	0.0
246	0.0
247	0.1401
248	8.7495
249	33.2063
250	63.2059
251	72.7274
252	59.831
253	36.9445
254	12.2263
255	0.7574
256	0.0
257	0.0
258	0.0
259	0.0
260	0.0
261	0.0
262	0.0
263	0.0
264	0.0
265	0.0
266	0.0
267	0.0
268	0.0
269	0.0
270	0.0
271	0.1188
272	6.9751
273	30.2912
274	58.5404
275	81.4598
276	86.1162
277	62.5194
278	24.2772
279	1.6785
280	0.0
281	0.0
282	0.0
283	0.0
284	0.0
285	0.0
286	0.0
287	0.0
288	0.0
289	0.0
290	0.0
291	0.0
292	0.0
293	0.0
294	0.0
295	0.3184
296	19.6466
297	83.5217
298	136.0099
299	140.8856
300	112.9547
301	69.2386
302	21.7977
303	1.3667
304	0.0
305	0.0
306	0.0
307	0.0
308	0.0
309	0.0
310	0.0
311	0.0
312	0.0
313	0.0
314	0.0
315	0.0
316	0.0
317	0.0
318	0.0
319	0.1099
320	5.2751
321	25.0863
322	43.4919
323	51.1318
324	41.6899
325	20.2956
326	5.9065
327	0.3871
328	0.0
329	0.0
330	0.0
331	0.0
332	0.0
333	0.0
334	0.0
335	0.0
336	0.0
337	0.0
338	0.0
339	0.0
340	0.0
341	0.0
342	0.0
343	0.0163
344	0.5761
345	2.2127
346	4.5784
347	5.7568
348	4.5833
349	3.3981
350	1.6486
351	0.2234
352	0.0
353	0.0
354	0.0
355	0.0
356	0.0
357	0.0
358	0.0
359	0.0
360	0.0
361	0.0
362	0.0
363	0.0
364	0.0
365	0.0
366	0.0
367	0.2592
368	10.7123
369	49.3292
370	96.266
371	119.4395
372	107.7418
373	70.6742
374	25.693
375	1.8913
376	0.0
377	0.0
378	0.0
379	0.0
380	0.0
381	0.0
382	0.0
383	0.0
384	0.0
385	0.0
386	0.0
387	0.0
388	0.0
389	0.0
390	0.0
391	0.1962
392	7.398
393	33.1174
394	69.3162
395	90.3664
396	80.2611
397	50.4367
398	17.6517
399	1.4056
400	0.0
401	0.0
402	0.0
403	0.0
404	0.0
405	0.0
406	0.0
407	0.0
408	0.0
409	0.0
410	0.0
411	0.0
412	0.0
413	0.0
414	0.0
415	0.2375
416	8.9715
417	47.2766
418	96.5468
419	133.402
420	128.9959
421	81.7499
422	22.7663
423	1.8694
424	0.0
425	0.0
426	0.0
427	0.0
428	0.0
429	0.0
430	0.0
431	0.0
432	0.0
433	0.0
434	0.0
435	0.0
436	0.0
437	0.0
438	0.0
439	0.3465
440	11.4845
441	68.126
442	163.1793
443	195.7632
444	187.1642
445	128.5492
446	44.0194
447	4.0838
448	0.0
449	0.0
450	0.0
451	0.0
452	0.0
453	0.0
454	0.0
455	0.0
456	0.0
457	0.0
458	0.0
459	0.0
460	0.0
461	0.0
462	0.0
463	0.0483
464	0.7611
465	2.2224
466	3.7861
467	3.2293
468	1.7856
469	0.8675
470	0.3648
471	0.0572
472	0.0
473	0.0
474	0.0
475	0.0
476	0.0
477	0.0
478	0.0
479	0.0
480	0.0
481	0.0
482	0.0
483	0.0
484	0.0
485	0.0
486	0.0
487	0.039
488	0.8158
489	3.5629
490	8.6551
491	13.83
492	14.8377
493	11.0683
494	4.665
495	0.6061
496	0.0
497	0.0
498	0.0
499	0.0
500	0.0
501	0.0
502	0.0
503	0.0
504	0.0
505	0.0
506	0.0
507	0.0
508	0.0
509	0.0
510	0.0
511	0.2841
512	5.6846
513	32.8565
514	98.2153
515	140.0208
516	136.1965
517	99.4605
518	41.7959
519	3.4863
520	0.0
521	0.0
522	0.0
523	0.0
524	0.0
525	0.0
526	0.0
527	0.0
528	0.0
529	0.0
530	0.0
531	0.0
532	0.0
533	0.0
534	0.0
535	1.1421
536	24.3084
537	85.6735
538	147.2052
539	174.7472
540	163.003
541	117.6659
542	50.2713
543	5.0488
544	0.0
545	0.0
546	0.0
547	0.0
548	0.0
549	0.0
550	0.0
551	0.0
552	0.0
553	0.0
554	0.0
555	0.0
556	0.0
557	0.0
558	0.0
559	0.9466
560	17.5319
561	66.5399
562	126.4328
563	152.5327
564	150.869
565	101.3052
566	42.6082
567	4.1876
568	0.0
569	0.0
570	0.0
571	0.0
572	0.0
573	0.0
574	0.0
575	0.0
576	0.0
577	0.0
578	0.0
579	0.0
580	0.0
581	0.0
582	0.0
583	1.3593
584	23.0771
585	77.2886
586	136.7845
587	188.501
588	182.1729
589	132.2286
590	49.7456
591	3.8972
592	0.0001
593	0.0
594	0.0
595	0.0
596	0.0
597	0.0
598	0.0
599	0.0
600	0.0
601	0.0
602	0.0
603	0.0
604	0.0
605	0.0
606	0.0
607	1.8182
608	14.9599
609	17.2574
610	11.3611
611	10.4458
612	11.9377
613	9.5759
614	4.7349
615	1.0488
616	0.0002
617	0.0
618	0.0
619	0.0
620	0.0
621	0.0
622	0.0
623	0.0
624	0.0
625	0.0
626	0.0
627	0.0
628	0.0
629	0.0
630	0.0
631	0.0178
632	0.1129
633	0.2291
634	0.3796
635	0.5731
636	1.513
637	9.5248
638	20.7171
639	4.7851
640	0.0005
641	0.0
642	0.0
643	0.0
644	0.0
645	0.0
646	0.0
647	0.0
648	0.0
649	0.0
650	0.0
651	0.0
652	0.0
653	0.0
654	0.0
655	0.0943
656	1.2486
657	3.4261
658	7.0456
659	13.1001
660	16.6609
661	13.1908
662	3.8988
663	0.4009
664	0.0002
665	0.0
666	0.0
667	0.0
668	0.0
669	0.0
670	0.0
671	0.0
672	0.0
673	0.0
674	0.0
675	0.0
676	0.0
677	0.0
678	0.0
679	0.1374
680	1.0003
681	1.3829
682	2.5501
683	3.6745
684	4.453
685	1.7767
686	0.6719
687	0.1364
688	0.0001
689	0.0
690	0.0
691	0.0
692	0.0
693	0.0
694	0.0
695	0.0
696	0.0
697	0.0
698	0.0
699	0.0
700	0.0
701	0.0
702	0.0
703	0.0687
704	0.418
705	3.6888
706	49.0101
707	129.6128
708	157.2671
709	133.6067
710	74.014
711	12.0642
712	0.007
713	0.0
714	0.0
715	0.0
716	0.0
717	0.0
718	0.0
719	0.0
720	0.0
721	0.0
722	0.0
723	0.0
724	0.0
725	0.0
726	0.0
727	0.2335
728	1.3413
729	1.9386
730	3.3625
731	5.4695
732	21.2659
733	58.8653
734	47.6813
735	6.906
736	0.0083
737	0.0
738	0.0
739	0.0
740	0.0
741	0.0
742	0.0
743	0.0
744	0.0
745	0.0
746	0.0
747	0.0
748	0.0
749	0.0
750	0.0
751	0.0437
752	0.2575
753	0.5162
754	0.5904
755	0.5862
756	0.5302
757	0.488
758	0.3081
759	0.1182
760	0.001
761	0.0
762	0.0
763	0.0
764	0.0
765	0.0
766	0.0
767	0.0
768	0.0
769	0.0
770	0.0
771	0.0
772	0.0
773	0.0
774	0.0
775	3.407
776	47.5592
777	128.5494
778	187.3555
779	180.938
780	122.8442
781	57.9664
782	18.6693
783	3.4451
784	0.0145
785	0.0
786	0.0
787	0.0
788	0.0
789	0.0
790	0.0
791	0.0
792	0.0
793	0.0
794	0.0
795	0.0
796	0.0
797	0.0
798	0.0
799	0.2056
800	11.9082
801	70.1202
802	62.6502
803	23.2092
804	2.327
805	0.5457
806	0.1146
807	0.015
808	0.0
809	0.0
810	0.0
811	0.0
812	0.0
813	0.0
814	0.0
815	0.0
816	0.0
817	0.0
818	0.0
819	0.0
820	0.0
821	0.0
822	0.0
823	0.4371
824	10.2951
825	54.7872
826	164.0157
827	240.3937
828	220.0058
829	154.426
830	77.5885
831	15.7236
832	0.0782
833	0.0
834	0.0
835	0.0
836	0.0
837	0.0
838	0.0
839	0.0
840	0.0
841	0.0
842	0.0
843	0.0
844	0.0
845	0.0
846	0.0
847	0.3254
848	1.9798
849	4.4036
850	6.2751
851	8.5939
852	9.8653
853	10.1627
854	5.6807
855	1.1739
856	0.0144
857	0.0
858	0.0
859	0.0
860	0.0
861	0.0
862	0.0
863	0.0
864	0.0
865	0.0
866	0.0
867	0.0
868	0.0
869	0.0
870	0.0
871	2.6264
872	35.6344
873	147.0471
874	231.8324
875	258.9247
876	241.4884
877	175.75
878	82.9418
879	14.0883
880	0.0989
881	0.0
882	0.0
883	0.0
884	0.0
885	0.0
886	0.0
887	0.0
888	0.0
889	0.0
890	0.0
891	0.0
892	0.0
893	0.0
894	0.0001
895	0.9169
896	7.9664
897	20.9983
898	31.9346
899	38.3251
900	29.5833
901	15.7966
902	5.615
903	1.3416
904	0.0185
905	0.0
906	0.0
907	0.0
908	0.0
909	0.0
910	0.0
911	0.0
912	0.0
913	0.0
914	0.0
915	0.0
916	0.0
917	0.0
918	0.0005
919	2.8302
920	26.8307
921	76.4314
922	110.7766
923	113.3888
924	84.3966
925	49.7766
926	23.9181
927	6.1634
928	0.1067
929	0.0
930	0.0
931	0.0
932	0.0
933	0.0
934	0.0
935	0.0
936	0.0
937	0.0
938	0.0
939	0.0
940	0.0
941	0.0
942	0.0018
943	3.7511
944	26.0814
945	66.1296
946	102.581
947	82.9099
948	66.4404
949	43.3565
950	23.3654
951	5.6314
952	0.0994
953	0.0
954	0.0
955	0.0
956	0.0
957	0.0
958	0.0
959	0.0
960	0.0
961	0.0
962	0.0
963	0.0
964	0.0
965	0.0
966	0.004
967	3.9755
968	34.4407
969	108.1298
970	194.7892
971	246.4781
972	240.3374
973	183.141
974	101.6607
975	26.8325
976	0.6966
977	0.0
978	0.0
979	0.0
980	0.0
981	0.0
982	0.0
983	0.0
984	0.0
985	0.0
986	0.0
987	0.0
988	0.0
989	0.0
990	0.0162
991	4.8943
992	30.8754
993	78.7723
994	120.9809
995	133.8768
996	114.479
997	80.0763
998	39.3528
999	9.3203
1000	0.2523
1001	0.0
1002	0.0
1003	0.0
1004	0.0
1005	0.0
1006	0.0
1007	0.0
1008	0.0
1009	0.0
1010	0.0
1011	0.0
1012	0.0
1013	0.0
1014	0.0391
1015	16.4497
1016	91.8357
1017	192.6082
1018	268.8061
1019	295.0357
1020	269.9134
1021	203.7993
1022	112.6408
1023	25.9769
1024	0.6696
1025	0.0
1026	0.0
1027	0.0
1028	0.0
1029	0.0
1030	0.0
1031	0.0
1032	0.0
1033	0.0
1034	0.0
1035	0.0
1036	0.0
1037	0.0
1038	0.0274
1039	7.8806
1040	48.7372
1041	140.2248
1042	207.0669
1043	215.5416
1044	170.8589
1045	136.1909
1046	67.5991
1047	11.4348
1048	0.3749
1049	0.0
1050	0.0
1051	0.0
1052	0.0
1053	0.0
1054	0.0
1055	0.0
1056	0.0
1057	0.0
1058	0.0
1059	0.0
1060	0.0
1061	0.0
1062	0.014
1063	0.419
1064	0.8596
1065	1.0892
1066	1.1609
1067	1.0046
1068	0.7786
1069	0.4814
1070	0.2521
1071	0.1019
1072	0.0119
1073	0.0
1074	0.0
1075	0.0
1076	0.0
1077	0.0
1078	0.0
1079	0.0
1080	0.0
1081	0.0
1082	0.0
1083	0.0
1084	0.0
1085	0.0
1086	0.0043
1087	0.7902
1088	4.4792
1089	10.1304
1090	14.6873
1091	17.8956
1092	15.5855
1093	9.1274
1094	3.1293
1095	0.6197
1096	0.0307
1097	0.0
1098	0.0
1099	0.0
1100	0.0
1101	0.0
1102	0.0
1103	0.0
1104	0.0
1105	0.0
1106	0.0
1107	0.0
1108	0.0
1109	0.0
1110	0.0104
1111	1.016
1112	4.3776
1113	9.0914
1114	15.0123
1115	18.7718
1116	21.92
1117	18.2515
1118	11.8763
1119	3.9332
1120	0.2555
1121	0.0
1122	0.0
1123	0.0
1124	0.0
1125	0.0
1126	0.0
1127	0.0
1128	0.0
1129	0.0
1130	0.0
1131	0.0
1132	0.0
1133	0.0
1134	0.04
1135	2.5133
1136	14.5159
1137	47.0139
1138	125.9382
1139	199.4779
1140	222.1684
1141	186.6653
1142	121.6908
1143	37.1703
1144	1.9194
1145	0.0
1146	0.0
1147	0.0
1148	0.0
1149	0.0
1150	0.0
1151	0.0
1152	0.0
1153	0.0
1154	0.0
1155	0.0
1156	0.0
1157	0.0
1158	0.2342
1159	11.7439
1160	51.4852
1161	115.7531
1162	202.7287
1163	258.0864
1164	264.8503
1165	208.7699
1166	117.4609
1167	32.0036
1168	1.9655
1169	0.0
1170	0.0
1171	0.0
1172	0.0
1173	0.0
1174	0.0
1175	0.0
1176	0.0
1177	0.0
1178	0.0
1179	0.0
1180	0.0
1181	0.0
1182	0.0295
1183	0.8083
1184	3.1179
1185	6.0009
1186	8.7297
1187	9.4209
1188	8.9637
1189	6.7143
1190	5.4213
1191	2.093
1192	0.1843
1193	0.0
1194	0.0
1195	0.0
1196	0.0
1197	0.0
1198	0.0
1199	0.0
1200	0.0
1201	0.0
1202	0.0
1203	0.0
1204	0.0
1205	0.0
1206	0.7478
1207	30.8171
1208	151.0079
1209	256.7554
1210	312.7616
1211	304.9075
1212	266.4672
1213	207.426
1214	124.4945
1215	40.6562
1216	3.6146
1217	0.0
1218	0.0
1219	0.0
1220	0.0
1221	0.0
1222	0.0
1223	0.0
1224	0.0
1225	0.0
1226	0.0
1227	0.0
1228	0.0
1229	0.0
1230	0.8488
1231	32.2033
1232	125.5664
1233	165.5722
1234	169.9626
1235	159.7895
1236	126.6741
1237	104.6937
1238	55.4326
1239	18.0657
1240	1.645
1241	0.0
1242	0.0
1243	0.0
1244	0.0
1245	0.0
1246	0.0
1247	0.0
1248	0.0
1249	0.0
1250	0.0
1251	0.0
1252	0.0
1253	0.0
1254	0.8026
1255	24.7351
1256	88.0647
1257	113.806
1258	126.9159
1259	114.256
1260	107.3384
1261	80.2244
1262	46.7743
1263	14.676
1264	1.4798
1265	0.0
1266	0.0
1267	0.0
1268	0.0
1269	0.0
1270	0.0
1271	0.0
1272	0.0
1273	0.0
1274	0.0
1275	0.0
1276	0.0
1277	0.0
1278	0.8552
1279	22.5061
1280	96.0607
1281	131.59
1282	107.706
1283	85.8599
1284	69.9595
1285	56.9885
1286	33.2632
1287	11.954
1288	1.4748
1289	0.0
1290	0.0
1291	0.0
1292	0.0
1293	0.0
1294	0.0
1295	0.0
1296	0.0
1297	0.0
1298	0.0
1299	0.0
1300	0.0
1301	0.0
1302	0.0412
1303	0.6481
1304	2.4648
1305	4.8075
1306	6.6158
1307	8.5672
1308	10.6766
1309	8.7334
1310	3.9025
1311	1.0595
1312	0.1212
1313	0.0
1314	0.0
1315	0.0
1316	0.0
1317	0.0
1318	0.0
1319	0.0
1320	0.0
1321	0.0
1322	0.0
1323	0.0
1324	0.0
1325	0.0
1326	0.2586
1327	5.0011
1328	22.4281
1329	46.2015
1330	43.1802
1331	32.0379
1332	19.729
1333	8.7519
1334	4.3959
1335	2.013
1336	0.2634
1337	0.0
1338	0.0
1339	0.0
1340	0.0
1341	0.0
1342	0.0
1343	0.0
1344	0.0
1345	0.0
1346	0.0
1347	0.0
1348	0.0
1349	0.0
1350	0.5637
1351	9.128
1352	35.047
1353	91.426
1354	141.7367
1355	165.2251
1356	141.6956
1357	92.0075
1358	44.2009
1359	14.5279
1360	1.6323
1361	0.0
1362	0.0
1363	0.0
1364	0.0
1365	0.0
1366	0.0
1367	0.0
1368	0.0
1369	0.0
1370	0.0
1371	0.0
1372	0.0
1373	0.0
1374	0.7717
1375	13.006
1376	64.3952
1377	105.5576
1378	153.9175
1379	206.6745
1380	188.5336
1381	149.4087
1382	107.2423
1383	37.2741
1384	3.9309
1385	0.0001
1386	0.0
1387	0.0
1388	0.0
1389	0.0
1390	0.0
1391	0.0
1392	0.0
1393	0.0
1394	0.0
1395	0.0
1396	0.0
1397	0.0
1398	1.4948
1399	22.6143
1400	91.7286
1401	186.3515
1402	260.7395
1403	300.3676
1404	317.883
1405	277.0262
1406	181.9488
1407	75.2603
1408	8.6105
1409	0.0006
1410	0.0
1411	0.0
1412	0.0
1413	0.0
1414	0.0
1415	0.0
1416	0.0
1417	0.0
1418	0.0
1419	0.0
1420	0.0
1421	0.0
1422	0.568
1423	7.1316
1424	22.7612
1425	71.7602
1426	205.9821
1427	311.8983
1428	277.9196
1429	246.8159
1430	179.8019
1431	63.9335
1432	6.2928
1433	0.0011
1434	0.0
1435	0.0
1436	0.0
1437	0.0
1438	0.0
1439	0.0
1440	0.0
1441	0.0
1442	0.0
1443	0.0
1444	0.0
1445	0.0
1446	1.9513
1447	24.9113
1448	102.7226
1449	249.9929
1450	362.0527
1451	400.501
1452	405.0332
1453	345.3515
1454	246.01
1455	119.0192
1456	15.2321
1457	0.0056
1458	0.0
1459	0.0
1460	0.0
1461	0.0
1462	0.0
1463	0.0
1464	0.0
1465	0.0
1466	0.0
1467	0.0
1468	0.0
1469	0.0
1470	0.7173
1471	6.4481
1472	22.8718
1473	48.404
1474	73.6795
1475	131.6023
1476	179.8976
1477	184.1111
1478	143.1333
1479	78.7979
1480	10.0349
1481	0.008
1482	0.0
1483	0.0
1484	0.0
1485	0.0
1486	0.0
1487	0.0
1488	0.0
1489	0.0
1490	0.0
1491	0.0
1492	0.0
1493	0.0
1494	8.9933
1495	91.0601
1496	251.7063
1497	375.9928
1498	455.9612
1499	488.3921
1500	472.707
1501	407.0232
1502	299.6151
1503	163.704
1504	34.6941
1505	0.0513
1506	0.0
1507	0.0
1508	0.0
1509	0.0
1510	0.0
1511	0.0
1512	0.0
1513	0.0
1514	0.0
1515	0.0
1516	0.0
1517	0.0
1518	8.96
1519	82.061
1520	231.7897
1521	350.6822
1522	426.2711
1523	452.0091
1524	433.3913
1525	365.7866
1526	261.1124
1527	128.8521
1528	21.724
1529	0.0496
1530	0.0
1531	0.0
1532	0.0
1533	0.0
1534	0.0
1535	0.0
1536	0.0
1537	0.0
1538	0.0
1539	0.0
1540	0.0
1541	0.0
1542	3.4922
1543	30.2965
1544	109.7452
1545	215.8351
1546	268.4979
1547	256.2143
1548	228.8172
1549	203.8407
1550	152.1464
1551	55.2742
1552	6.4073
1553	0.0297
1554	0.0
1555	0.0
1556	0.0
1557	0.0
1558	0.0
1559	0.0
1560	0.0
1561	0.0
1562	0.0
1563	0.0
1564	0.0
1565	0.0
1566	0.1398
1567	0.9478
1568	2.7197
1569	5.6608
1570	8.834
1571	9.8736
1572	9.0919
1573	9.1742
1574	7.5293
1575	3.5574
1576	0.7056
1577	0.0064
1578	0.0
1579	0.0
1580	0.0
1581	0.0
1582	0.0
1583	0.0
1584	0.0
1585	0.0
1586	0.0
1587	0.0
1588	0.0
1589	0.0
1590	0.5661
1591	6.3854
1592	35.5716
1593	122.0649
1594	203.1967
1595	236.0555
1596	199.8033
1597	121.4719
1598	44.6401
1599	9.8031
1600	1.1542
1601	0.0098
1602	0.0
1603	0.0
1604	0.0
1605	0.0
1606	0.0
1607	0.0
1608	0.0
1609	0.0
1610	0.0
1611	0.0
1612	0.0
1613	0.0
1614	0.0409
1615	0.2145
1616	0.4949
1617	0.8432
1618	1.1907
1619	1.3736
1620	1.2925
1621	0.9435
1622	0.6525
1623	0.342
1624	0.1098
1625	0.0022
1626	0.0
1627	0.0
1628	0.0
1629	0.0
1630	0.0
1631	0.0
1632	0.0
1633	0.0
1634	0.0
1635	0.0
1636	0.0
1637	0.0001
1638	0.2247
1639	1.5742
1640	4.4621
1641	9.145
1642	14.6044
1643	22.5453
1644	35.7092
1645	44.1963
1646	43.0541
1647	20.031
1648	4.0593
1649	0.0709
1650	0.0
1651	0.0
1652	0.0
1653	0.0
1654	0.0
1655	0.0
1656	0.0
1657	0.0
1658	0.0
1659	0.0
1660	0.0
1661	0.0014
1662	3.4634
1663	27.6235
1664	50.0764
1665	48.6611
1666	43.3957
1667	27.5198
1668	12.8628
1669	7.225
1670	5.5492
1671	3.6034
1672	1.1866
1673	0.0389
1674	0.0
1675	0.0
1676	0.0
1677	0.0
1678	0.0
1679	0.0
1680	0.0
1681	0.0
1682	0.0
1683	0.0
1684	0.0
1685	0.003
1686	3.076
1687	32.5057
1688	110.1042
1689	235.3108
1690	357.0055
1691	409.2213
1692	407.3668
1693	357.3662
1694	271.3967
1695	156.429
1696	43.8847
1697	0.9784
1698	0.0
1699	0.0
1700	0.0
1701	0.0
1702	0.0
1703	0.0
1704	0.0
1705	0.0
1706	0.0
1707	0.0
1708	0.0
1709	0.0076
1710	3.3457
1711	17.8898
1712	40.141
1713	58.7814
1714	75.5013
1715	85.6015
1716	89.6857
1717	84.6601
1718	60.8739
1719	30.2731
1720	6.2782
1721	0.1517
1722	0.0
1723	0.0
1724	0.0
1725	0.0
1726	0.0
1727	0.0
1728	0.0
1729	0.0
1730	0.0
1731	0.0
1732	0.0
1733	0.0209
1734	9.6854
1735	56.0559
1736	100.0532
1737	104.2748
1738	131.6532
1739	148.4434
1740	163.1978
1741	168.5258
1742	139.5171
1743	92.5195
1744	31.0216
1745	1.075
1746	0.0
1747	0.0
1748	0.0
1749	0.0
1750	0.0
1751	0.0
1752	0.0
1753	0.0
1754	0.0
1755	0.0
1756	0.0
1757	0.0324
1758	3.8381
1759	18.6133
1760	45.0137
1761	77.6234
1762	103.0004
1763	101.1104
1764	63.2967
1765	28.0591
1766	11.9919
1767	4.4067
1768	1.0851
1769	0.0498
1770	0.0
1771	0.0
1772	0.0
1773	0.0
1774	0.0
1775	0.0
1776	0.0
1777	0.0
1778	0.0
1779	0.0
1780	0.0
1781	0.016
1782	2.5602
1783	10.8414
1784	17.4267
1785	28.2689
1786	47.3392
1787	45.1302
1788	35.3013
1789	24.6755
1790	13.4958
1791	5.9859
1792	1.8269
1793	0.1123
1794	0.0
1795	0.0
1796	0.0
1797	0.0
1798	0.0
1799	0.0
1800	0.0
1801	0.0
1802	0.0
1803	0.0
1804	0.0
1805	0.0105
1806	1.3095
1807	7.7871
1808	20.5295
1809	46.2602
1810	96.3272
1811	158.7973
1812	185.0923
1813	136.5615
1814	70.659
1815	26.4814
1816	5.7886
1817	0.2441
1818	0.0
1819	0.0
1820	0.0
1821	0.0
1822	0.0
1823	0.0
1824	0.0
1825	0.0
1826	0.0
1827	0.0
1828	0.0
1829	0.0313
1830	2.8821
1831	18.8896
1832	86.1488
1833	256.1887
1834	372.2878
1835	415.996
1836	379.9014
1837	251.3026
1838	138.5673
1839	66.0915
1840	13.2004
1841	0.5411
1842	0.0
1843	0.0
1844	0.0
1845	0.0
1846	0.0
1847	0.0
1848	0.0
1849	0.0
1850	0.0
1851	0.0
1852	0.0
1853	0.0625
1854	2.8663
1855	12.5247
1856	31.7673
1857	60.6978
1858	75.0799
1859	91.3584
1860	84.1009
1861	59.5412
1862	29.3689
1863	10.8854
1864	3.158
1865	0.2623
1866	0.0
1867	0.0
1868	0.0
1869	0.0
1870	0.0
1871	0.0
1872	0.0
1873	0.0
1874	0.0
1875	0.0
1876	0.0
1877	0.0881
1878	4.241
1879	20.5831
1880	44.1064
1881	65.5751
1882	75.5453
1883	69.1285
1884	55.443
1885	42.2543
1886	27.7869
1887	15.8617
1888	5.1367
1889	0.4588
1890	0.0
1891	0.0
1892	0.0
1893	0.0
1894	0.0
1895	0.0
1896	0.0
1897	0.0
1898	0.0
1899	0.0
1900	0.0
1901	0.2176
1902	12.7729
1903	61.3054
1904	111.9645
1905	155.3123
1906	212.9717
1907	246.3147
1908	257.8657
1909	192.3033
1910	120.373
1911	76.8104
1912	26.6488
1913	2.4314
1914	0.0
1915	0.0
1916	0.0
1917	0.0
1918	0.0
1919	0.0
1920	0.0
1921	0.0
1922	0.0
1923	0.0
1924	0.0
1925	0.5737
1926	22.4892
1927	128.7146
1928	284.8129
1929	395.1529
1930	468.7593
1931	489.5038
1932	477.2179
1933	380.7461
1934	209.4978
1935	65.8
1936	9.3435
1937	0.5855
1938	0.0
1939	0.0
1940	0.0
1941	0.0
1942	0.0
1943	0.0
1944	0.0
1945	0.0
1946	0.0
1947	0.0
1948	0.0
1949	0.0485
1950	0.9753
1951	4.0322
1952	11.0301
1953	26.7054
1954	58.5247
1955	103.9007
1956	123.8236
1957	107.889
1958	70.9792
1959	34.0591
1960	9.3561
1961	0.7775
1962	0.0
1963	0.0
1964	0.0
1965	0.0
1966	0.0
1967	0.0
1968	0.0
1969	0.0
1970	0.0
1971	0.0
1972	0.0
1973	0.1759
1974	3.5042
1975	13.4635
1976	30.7912
1977	51.2474
1978	70.117
1979	80.1234
1980	72.7282
1981	57.4385
1982	42.4345
1983	24.3337
1984	8.5586
1985	0.8988
1986	0.0
1987	0.0
1988	0.0
1989	0.0
1990	0.0
1991	0.0
1992	0.0
1993	0.0
1994	0.0
1995	0.0
1996	0.0
1997	0.9823
1998	23.4713
1999	92.4832
2000	207.9618
2001	336.534
2002	427.056
2003	465.0543
2004	440.0541
2005	368.2877
2006	255.0243
2007	128.215
2008	36.2349
2009	3.1734
2010	0.0
2011	0.0
2012	0.0
2013	0.0
2014	0.0
2015	0.0
2016	0.0
2017	0.0
2018	0.0
2019	0.0
2020	0.0
2021	2.3418
2022	46.4172
2023	145.6906
2024	267.6815
2025	399.0858
2026	507.9043
2027	563.7715
2028	566.1816
2029	509.1917
2030	403.1154
2031	262.8905
2032	108.7283
2033	12.2355
2034	0.0
2035	0.0
2036	0.0
2037	0.0
2038	0.0
2039	0.0
2040	0.0
2041	0.0
2042	0.0
2043	0.0
2044	0.0
2045	3.6575
2046	74.2761
2047	240.7417
2048	393.8475
2049	512.9418
2050	590.4921
2051	617.382
2052	595.2019
2053	523.3612
2054	403.0652
2055	247.5039
2056	96.1095
2057	8.6169
2058	0.0
2059	0.0
2060	0.0
2061	0.0
2062	0.0
2063	0.0
2064	0.0
2065	0.0
2066	0.0
2067	0.0
2068	0.0
2069	2.1442
2070	42.1883
2071	155.9785
2072	263.3179
2073	294.4304
2074	260.7801
2075	241.3615
2076	185.6605
2077	110.9594
2078	69.581
2079	32.1106
2080	8.8724
2081	1.0072
2082	0.0
2083	0.0
2084	0.0
2085	0.0
2086	0.0
2087	0.0
2088	0.0
2089	0.0
2090	0.0
2091	0.0
2092	0.0
2093	0.5968
2094	10.0792
2095	44.3653
2096	83.9922
2097	117.1885
2098	160.1023
2099	210.2964
2100	195.4531
2101	120.4301
2102	81.3291
2103	51.1798
2104	19.4503
2105	2.297
2106	0.0
2107	0.0
2108	0.0
2109	0.0
2110	0.0
2111	0.0
2112	0.0
2113	0.0
2114	0.0
2115	0.0
2116	0.0
2117	0.7639
2118	11.4313
2119	52.6896
2120	109.9331
2121	158.4659
2122	149.049
2123	141.8422
2124	120.4497
2125	118.153
2126	79.1291
2127	55.3739
2128	19.9522
2129	2.4268
2130	0.0002
2131	0.0
2132	0.0
2133	0.0
2134	0.0
2135	0.0
2136	0.0
2137	0.0
2138	0.0
2139	0.0
2140	0.0
2141	1.0836
2142	16.0105
2143	60.3178
2144	127.7049
2145	188.0093
2146	250.1178
2147	250.8593
2148	173.1535
2149	156.7563
2150	107.5195
2151	73.5765
2152	33.9882
2153	4.8479
2154	0.0012
2155	0.0
2156	0.0
2157	0.0
2158	0.0
2159	0.0
2160	0.0
2161	0.0
2162	0.0
2163	0.0
2164	0.0
2165	4.9846
2166	71.2765
2167	234.4277
2168	362.5365
2169	401.0794
2170	497.2122
2171	584.5253
2172	590.1806
2173	546.0681
2174	440.5688
2175	302.0169
2176	146.2661
2177	23.4087
2178	0.0111
2179	0.0
2180	0.0
2181	0.0
2182	0.0
2183	0.0
2184	0.0
2185	0.0
2186	0.0
2187	0.0
2188	0.0
2189	10.9202
2190	116.4086
2191	281.5578
2192	433.4136
2193	549.9195
2194	629.4626
2195	661.3121
2196	643.1629
2197	575.8937
2198	465.0028
2199	320.8184
2200	156.3352
2201	27.1394
2202	0.0244
2203	0.0
2204	0.0
2205	0.0
2206	0.0
2207	0.0
2208	0.0
2209	0.0
2210	0.0
2211	0.0
2212	0.0
2213	8.5385
2214	85.7357
2215	229.2256
2216	375.2291
2217	465.6718
2218	541.2894
2219	551.119
2220	497.457
2221	413.1877
2222	316.9869
2223	183.7377
2224	88.7668
2225	13.578
2226	0.0271
2227	0.0
2228	0.0
2229	0.0
2230	0.0
2231	0.0
2232	0.0
2233	0.0
2234	0.0
2235	0.0
2236	0.0
2237	2.0442
2238	24.0349
2239	85.924
2240	178.5635
2241	231.6153
2242	263.8506
2243	216.6072
2244	182.0671
2245	136.697
2246	93.101
2247	45.5389
2248	24.3673
2249	4.6881
2250	0.0184
2251	0.0
2252	0.0
2253	0.0
2254	0.0
2255	0.0
2256	0.0
2257	0.0
2258	0.0
2259	0.0
2260	0.0
2261	3.8462
2262	44.4626
2263	150.1227
2264	244.1191
2265	343.7566
2266	379.5798
2267	410.0052
2268	352.2391
2269	226.8165
2270	125.8098
2271	53.707
2272	16.1809
2273	2.4149
2274	0.0178
2275	0.0
2276	0.0
2277	0.0
2278	0.0
2279	0.0
2280	0.0
2281	0.0
2282	0.0
2283	0.0
2284	0.0
2285	3.3168
2286	40.8654
2287	153.1535
2288	317.9857
2289	440.3444
2290	490.1769
2291	488.7819
2292	446.4406
2293	389.6196
2294	285.9597
2295	176.7282
2296	87.6382
2297	20.8169
2298	0.1374
2299	0.0
2300	0.0
2301	0.0
2302	0.0
2303	0.0
2304	0.0
2305	0.0
2306	0.0
2307	0.0
2308	0.0002
2309	4.6326
2310	46.7866
2311	188.8366
2312	427.6811
2313	566.4189
2314	645.8709
2315	676.7493
2316	653.6529
2317	575.3551
2318	440.7969
2319	268.7904
2320	107.3321
2321	15.6105
2322	0.1239
2323	0.0
2324	0.0
2325	0.0
2326	0.0
2327	0.0
2328	0.0
2329	0.0
2330	0.0
2331	0.0
2332	0.0002
2333	0.7288
2334	4.344
2335	12.4179
2336	27.0867
2337	48.6735
2338	77.7745
2339	96.3995
2340	80.9146
2341	58.3837
2342	35.7432
2343	18.2505
2344	7.3028
2345	1.5365
2346	0.0301
2347	0.0
2348	0.0
2349	0.0
2350	0.0
2351	0.0
2352	0.0
2353	0.0
2354	0.0
2355	0.0
2356	0.0014
2357	3.4857
2358	29.7912
2359	112.122
2360	201.1123
2361	204.1803
2362	177.9797
2363	116.5151
2364	54.2122
2365	20.5316
2366	7.7202
2367	4.2605
2368	2.2038
2369	0.8058
2370	0.0221
2371	0.0
2372	0.0
2373	0.0
2374	0.0
2375	0.0
2376	0.0
2377	0.0
2378	0.0
2379	0.0
2380	0.0002
2381	0.304
2382	2.5354
2383	10.5476
2384	29.4887
2385	66.3382
2386	87.4695
2387	74.4666
2388	59.4549
2389	72.4787
2390	65.0759
2391	44.2952
2392	13.2884
2393	2.072
2394	0.0386
2395	0.0
2396	0.0
2397	0.0
2398	0.0
2399	0.0
2400	0.0
2401	0.0
2402	0.0
2403	0.0
2404	0.0002
2405	0.1408
2406	0.8768
2407	1.7003
2408	3.0561
2409	4.4297
2410	5.5789
2411	5.8418
2412	3.304
2413	2.8266
2414	3.1796
2415	2.5006
2416	2.077
2417	0.5443
2418	0.0204
2419	0.0
2420	0.0
2421	0.0
2422	0.0
2423	0.0
2424	0.0
2425	0.0
2426	0.0
2427	0.0
2428	0.0011
2429	0.5479
2430	3.6783
2431	17.9215
2432	66.0885
2433	156.6515
2434	178.0803
2435	99.0466
2436	66.9454
2437	65.748
2438	64.7184
2439	39.1055
2440	24.4508
2441	8.4023
2442	0.1074
2443	0.0
2444	0.0
2445	0.0
2446	0.0
2447	0.0
2448	0.0
2449	0.0
2450	0.0
2451	0.0
2452	0.0019
2453	0.745
2454	3.8643
2455	13.1649
2456	36.1574
2457	67.8469
2458	150.0495
2459	307.4652
2460	415.8539
2461	413.92
2462	342.4546
2463	186.1886
2464	47.2529
2465	3.2835
2466	0.0545
2467	0.0
2468	0.0
2469	0.0
2470	0.0
2471	0.0
2472	0.0
2473	0.0
2474	0.0
2475	0.0
2476	0.0088
2477	1.8076
2478	13.2658
2479	35.9196
2480	63.6448
2481	130.3116
2482	259.2452
2483	343.9252
2484	329.5805
2485	267.7943
2486	197.4588
2487	113.9312
2488	47.8945
2489	12.0139
2490	0.6029
2491	0.0
2492	0.0
2493	0.0
2494	0.0
2495	0.0
2496	0.0
2497	0.0
2498	0.0
2499	0.0
2500	0.0788
2501	15.7353
2502	66.6618
2503	91.2151
2504	138.1412
2505	240.2198
2506	422.6679
2507	525.6134
2508	533.5492
2509	429.7408
2510	239.8823
2511	79.3761
2512	18.181
2513	3.4701
2514	0.1898
2515	0.0
2516	0.0
2517	0.0
2518	0.0
2519	0.0
2520	0.0
2521	0.0
2522	0.0
2523	0.0
2524	0.0726
2525	9.3778
2526	59.8754
2527	159.8743
2528	251.9753
2529	324.5733
2530	269.0012
2531	129.3424
2532	30.1124
2533	9.9741
2534	9.7808
2535	6.2303
2536	4.6947
2537	1.9342
2538	0.1522
2539	0.0
2540	0.0
2541	0.0
2542	0.0
2543	0.0
2544	0.0
2545	0.0
2546	0.0
2547	0.0
2548	0.0383
2549	1.5869
2550	6.9186
2551	10.9294
2552	21.7675
2553	76.3699
2554	252.935
2555	373.6869
2556	387.6104
2557	351.2491
2558	249.5398
2559	108.4493
2560	22.5014
2561	2.0015
2562	0.0888
2563	0.0
2564	0.0
2565	0.0
2566	0.0
2567	0.0
2568	0.0
2569	0.0
2570	0.0
2571	0.0
2572	0.2274
2573	28.0606
2574	168.7956
2575	341.3767
2576	492.3407
2577	612.002
2578	688.7643
2579	716.246
2580	692.4663
2581	621.5004
2582	511.7614
2583	366.9551
2584	205.149
2585	60.849
2586	2.9981
2587	0.0
2588	0.0
2589	0.0
2590	0.0
2591	0.0
2592	0.0
2593	0.0
2594	0.0
2595	0.0
2596	0.2481
2597	17.5475
2598	135.0353
2599	241.081
2600	231.0911
2601	192.7501
2602	100.7174
2603	79.5945
2604	91.3155
2605	142.2888
2606	148.7693
2607	120.7307
2608	64.7509
2609	22.4863
2610	1.6867
2611	0.0
2612	0.0
2613	0.0
2614	0.0
2615	0.0
2616	0.0
2617	0.0
2618	0.0
2619	0.0
2620	0.5787
2621	29.8412
2622	178.3843
2623	366.9161
2624	515.9339
2625	635.5587
2626	716.872
2627	747.5043
2628	728.1158
2629	661.3259
2630	552.8576
2631	408.6877
2632	243.664
2633	84.9454
2634	5.7625
2635	0.0
2636	0.0
2637	0.0
2638	0.0
2639	0.0
2640	0.0
2641	0.0
2642	0.0
2643	0.0
2644	0.4214
2645	19.9423
2646	146.497
2647	321.8328
2648	468.2538
2649	583.9065
2650	652.3243
2651	658.3946
2652	611.1315
2653	528.4147
2654	416.9604
2655	281.5998
2656	150.0364
2657	44.6431
2658	2.942
2659	0.0
2660	0.0
2661	0.0
2662	0.0
2663	0.0
2664	0.0
2665	0.0
2666	0.0
2667	0.0
2668	0.6714
2669	18.2172
2670	73.0699
2671	206.3085
2672	402.8027
2673	563.0758
2674	623.4687
2675	616.1822
2676	582.306
2677	525.1113
2678	427.0554
2679	256.2574
2680	94.4879
2681	15.7936
2682	0.9446
2683	0.0
2684	0.0
2685	0.0
2686	0.0
2687	0.0
2688	0.0
2689	0.0
2690	0.0
2691	0.0
2692	0.0346
2693	0.5005
2694	1.8138
2695	4.5886
2696	9.6298
2697	27.6243
2698	91.401
2699	205.1275
2700	204.2319
2701	234.6874
2702	215.8398
2703	110.7992
2704	38.5512
2705	9.5075
2706	1.0831
2707	0.0
2708	0.0
2709	0.0
2710	0.0
2711	0.0
2712	0.0
2713	0.0
2714	0.0
2715	0.0
2716	0.5968
2717	19.8186
2718	126.4746
2719	303.2461
2720	453.1469
2721	522.6404
2722	571.9164
2723	581.1886
2724	525.9878
2725	435.8723
2726	370.1952
2727	290.7852
2728	152.3297
2729	27.6994
2730	1.4752
2731	0.0
2732	0.0
2733	0.0
2734	0.0
2735	0.0
2736	0.0
2737	0.0
2738	0.0
2739	0.0
2740	0.5419
2741	14.5813
2742	67.9704
2743	148.4315
2744	252.6548
2745	348.3493
2746	430.0883
2747	497.7477
2748	510.4363
2749	478.1733
2750	407.6112
2751	300.659
2752	177.3671
2753	61.0961
2754	4.8846
2755	0.0
2756	0.0
2757	0.0
2758	0.0
2759	0.0
2760	0.0
2761	0.0
2762	0.0
2763	0.0
2764	0.1967
2765	3.1904
2766	9.0985
2767	12.9035
2768	13.1695
2769	15.7842
2770	14.9
2771	13.4119
2772	13.2569
2773	15.6756
2774	15.0274
2775	8.4396
2776	3.9243
2777	1.1833
2778	0.1861
2779	0.0
2780	0.0
2781	0.0
2782	0.0
2783	0.0
2784	0.0
2785	0.0
2786	0.0
2787	0.0
2788	0.4223
2789	7.9245
2790	47.3403
2791	133.7738
2792	219.3568
2793	287.6138
2794	337.9112
2795	334.3807
2796	273.5722
2797	200.6577
2798	120.7096
2799	68.3703
2800	41.2735
2801	19.9827
2802	3.3168
2803	0.0
2804	0.0
2805	0.0
2806	0.0
2807	0.0
2808	0.0
2809	0.0
2810	0.0
2811	0.0
2812	1.2426
2813	18.9826
2814	83.3266
2815	306.2819
2816	506.3073
2817	655.1089
2818	734.5749
2819	764.5964
2820	743.8074
2821	675.4504
2822	563.3855
2823	384.4188
2824	204.8614
2825	81.225
2826	8.8154
2827	0.0
2828	0.0
2829	0.0
2830	0.0
2831	0.0
2832	0.0
2833	0.0
2834	0.0
2835	0.0
2836	1.4539
2837	14.6686
2838	29.6328
2839	40.7156
2840	53.3617
2841	77.577
2842	149.5961
2843	268.8019
2844	376.4902
2845	431.1705
2846	426.0682
2847	369.9301
2848	240.0018
2849	100.0989
2850	11.1244
2851	0.0001
2852	0.0
2853	0.0
2854	0.0
2855	0.0
2856	0.0
2857	0.0
2858	0.0
2859	0.0
2860	2.5337
2861	39.8669
2862	133.3334
2863	299.8674
2864	453.4351
2865	535.6959
2866	608.8034
2867	645.7037
2868	673.5226
2869	605.5556
2870	484.9008
2871	325.9151
2872	181.0107
2873	76.0514
2874	8.7143
2875	0.0008
2876	0.0
2877	0.0
2878	0.0
2879	0.0
2880	0.0
2881	0.0
2882	0.0
2883	0.0
2884	4.3472
2885	66.2079
2886	212.5784
2887	379.3926
2888	534.1898
2889	652.3693
2890	708.1046
2891	703.5314
2892	653.524
2893	578.7107
2894	458.3899
2895	301.8368
2896	144.0292
2897	45.4812
2898	5.9959
2899	0.0025
2900	0.0
2901	0.0
2902	0.0
2903	0.0
2904	0.0
2905	0.0
2906	0.0
2907	0.0
2908	0.8598
2909	9.7555
2910	35.496
2911	69.7592
2912	108.6232
2913	137.9276
2914	191.6757
2915	216.5677
2916	222.2161
2917	177.0889
2918	117.633
2919	64.8816
2920	34.3131
2921	13.2937
2922	1.8225
2923	0.0012
2924	0.0
2925	0.0
2926	0.0
2927	0.0
2928	0.0
2929	0.0
2930	0.0
2931	0.0
2932	2.8354
2933	41.0833
2934	153.7034
2935	295.6949
2936	428.9705
2937	533.2157
2938	604.1153
2939	637.2507
2940	610.874
2941	538.924
2942	445.4802
2943	328.6942
2944	184.1686
2945	64.7196
2946	7.7064
2947	0.0101
2948	0.0
2949	0.0
2950	0.0
2951	0.0
2952	0.0
2953	0.0
2954	0.0
2955	0.0
2956	4.6297
2957	47.9951
2958	228.721
2959	396.7661
2960	541.2117
2961	650.3914
2962	722.2121
2963	749.5025
2964	734.034
2965	668.5595
2966	548.3641
2967	384.4983
2968	158.893
2969	33.5393
2970	5.8569
2971	0.0161
2972	0.0
2973	0.0
2974	0.0
2975	0.0
2976	0.0
2977	0.0
2978	0.0
2979	0.0
2980	0.8746
2981	8.6435
2982	43.4643
2983	195.6831
2984	430.1797
2985	637.7979
2986	719.0683
2987	745.9131
2988	720.486
2989	657.0243
2990	546.8709
2991	378.0475
2992	210.7168
2993	74.3458
2994	8.957
2995	0.0256
2996	0.0
2997	0.0
2998	0.0
2999	0.0
3000	0.0
3001	0.0
3002	0.0
3003	0.0
3004	5.8567
3005	74.9111
3006	203.0693
3007	350.2964
3008	482.8051
3009	585.4489
3010	634.2077
3011	619.8698
3012	507.2126
3013	353.4617
3014	195.0942
3015	92.3322
3016	45.3114
3017	17.0704
3018	3.4265
3019	0.018
3020	0.0
3021	0.0
3022	0.0
3023	0.0
3024	0.0
3025	0.0
3026	0.0
3027	0.0
3028	1.7863
3029	15.0052
3030	51.1364
3031	113.426
3032	195.1514
3033	326.4911
3034	461.2667
3035	485.9963
3036	344.271
3037	173.5418
3038	57.6327
3039	15.761
3040	5.1295
3041	1.9789
3042	0.4467
3043	0.0035
3044	0.0
3045	0.0
3046	0.0
3047	0.0
3048	0.0
3049	0.0
3050	0.0
3051	0.0001
3052	1.5152
3053	15.4829
3054	49.8067
3055	109.0025
3056	227.3577
3057	323.8262
3058	368.6452
3059	324.6672
3060	174.7354
3061	77.8328
3062	57.8038
3063	53.4051
3064	40.5074
3065	17.6145
3066	2.954
3067	0.0284
3068	0.0
3069	0.0
3070	0.0
3071	0.0
3072	0.0
3073	0.0
3074	0.0
3075	0.0006
3076	4.5107
3077	41.5655
3078	125.8585
3079	293.1714
3080	429.5189
3081	546.1138
3082	650.8447
3083	705.2842
3084	706.5266
3085	661.2834
3086	578.69
3087	447.8177
3088	295.7275
3089	132.5932
3090	24.3945
3091	0.1636
3092	0.0
3093	0.0
3094	0.0
3095	0.0
3096	0.0
3097	0.0
3098	0.0
3099	0.0009
3100	3.1159
3101	19.4184
3102	46.883
3103	126.3603
3104	314.7873
3105	485.5302
3106	584.7045
3107	573.8411
3108	511.4314
3109	462.7603
3110	351.6734
3111	210.6393
3112	107.7789
3113	49.4912
3114	11.2611
3115	0.1032
3116	0.0
3117	0.0
3118	0.0
3119	0.0
3120	0.0
3121	0.0
3122	0.0
3123	0.0009
3124	1.6661
3125	11.4553
3126	36.9652
3127	58.843
3128	99.2337
3129	118.9941
3130	156.9408
3131	214.9464
3132	309.4592
3133	343.9412
3134	316.9233
3135	232.8685
3136	89.9831
3137	13.4525
3138	1.5498
3139	0.0132
3140	0.0
3141	0.0
3142	0.0
3143	0.0
3144	0.0
3145	0.0
3146	0.0
3147	0.0003
3148	1.3793
3149	18.6433
3150	88.2982
3151	199.1945
3152	299.1515
3153	356.5935
3154	397.6644
3155	461.4735
3156	490.0291
3157	463.4321
3158	369.3489
3159	242.0418
3160	126.362
3161	33.2143
3162	5.0397
3163	0.0638
3164	0.0
3165	0.0
3166	0.0
3167	0.0
3168	0.0
3169	0.0
3170	0.0
3171	0.0002
3172	0.302
3173	2.1277
3174	3.893
3175	6.8153
3176	19.7693
3177	17.0443
3178	33.3228
3179	43.335
3180	40.6517
3181	32.3472
3182	24.1546
3183	46.2598
3184	79.2317
3185	44.4734
3186	8.4546
3187	0.0992
3188	0.0
3189	0.0
3190	0.0
3191	0.0
3192	0.0
3193	0.0
3194	0.0
3195	0.0025
3196	1.7265
3197	10.9185
3198	31.7259
3199	60.6633
3200	74.1902
3201	59.6458
3202	53.1968
3203	73.8933
3204	104.1399
3205	78.6739
3206	21.6837
3207	7.3517
3208	5.4936
3209	5.7887
3210	1.4548
3211	0.0415
3212	0.0
3213	0.0
3214	0.0
3215	0.0
3216	0.0
3217	0.0
3218	0.0
3219	0.004
3220	0.676
3221	3.7636
3222	17.1456
3223	55.9755
3224	136.3106
3225	333.2909
3226	242.0505
3227	152.7654
3228	192.1637
3229	286.37
3230	297.2813
3231	203.3013
3232	75.5932
3233	15.0138
3234	2.4392
3235	0.1014
3236	0.0
3237	0.0
3238	0.0
3239	0.0
3240	0.0
3241	0.0
3242	0.0
3243	0.0145
3244	4.0062
3245	17.0281
3246	21.7292
3247	13.6312
3248	8.5627
3249	7.8491
3250	8.0311
3251	7.5471
3252	6.0461
3253	3.7342
3254	2.1389
3255	1.3172
3256	0.7047
3257	0.3233
3258	0.1025
3259	0.0057
3260	0.0
3261	0.0
3262	0.0
3263	0.0
3264	0.0
3265	0.0
3266	0.0
3267	0.0066
3268	0.763
3269	4.8231
3270	13.4226
3271	25.2803
3272	71.3597
3273	86.9073
3274	80.593
3275	88.6672
3276	71.4899
3277	42.9705
3278	16.5092
3279	6.2133
3280	2.511
3281	1.1606
3282	0.3391
3283	0.024
3284	0.0
3285	0.0
3286	0.0
3287	0.0
3288	0.0
3289	0.0
3290	0.0
3291	0.0017
3292	0.2118
3293	1.291
3294	4.1685
3295	7.8429
3296	9.1111
3297	9.3953
3298	15.0638
3299	25.9957
3300	34.5775
3301	40.129
3302	64.479
3303	117.0358
3304	120.5965
3305	77.6537
3306	17.6869
3307	0.5375
3308	0.0
3309	0.0
3310	0.0
3311	0.0
3312	0.0
3313	0.0
3314	0.0
3315	0.0446
3316	5.6666
3317	43.6484
3318	156.073
3319	359.9756
3320	508.8785
3321	622.2285
3322	686.5883
3323	700.0978
3324	660.4244
3325	547.9228
3326	422.286
3327	235.9001
3328	109.9265
3329	30.6139
3330	5.963
3331	0.2393
3332	0.0
3333	0.0
3334	0.0
3335	0.0
3336	0.0
3337	0.0
3338	0.0
3339	0.0028
3340	0.2294
3341	1.2686
3342	4.0016
3343	8.8379
3344	15.5472
3345	22.476
3346	25.3495
3347	31.0155
3348	35.2005
3349	35.7509
3350	28.7366
3351	18.6253
3352	8.7516
3353	3.0351
3354	0.8305
3355	0.049
3356	0.0
3357	0.0
3358	0.0
3359	0.0
3360	0.0
3361	0.0
3362	0.0
3363	0.0104
3364	0.8778
3365	5.7107
3366	18.1779
3367	32.675
3368	48.1222
3369	38.6709
3370	23.6213
3371	16.7417
3372	11.6195
3373	6.8757
3374	5.5061
3375	5.6761
3376	2.455
3377	0.5976
3378	0.1175
3379	0.0044
3380	0.0
3381	0.0
3382	0.0
3383	0.0
3384	0.0
3385	0.0
3386	0.0
3387	0.0056
3388	0.5893
3389	5.1627
3390	23.1723
3391	79.2805
3392	107.1851
3393	155.7198
3394	214.9837
3395	309.2001
3396	477.2146
3397	534.6097
3398	471.8876
3399	349.1722
3400	205.7222
3401	84.6691
3402	21.043
3403	0.9166
3404	0.0
3405	0.0
3406	0.0
3407	0.0
3408	0.0
3409	0.0
3410	0.0
3411	0.0132
3412	0.5325
3413	2.3805
3414	5.7114
3415	8.5917
3416	11.2394
3417	14.6472
3418	19.5563
3419	20.8995
3420	27.4931
3421	31.5362
3422	45.2438
3423	45.2516
3424	32.0545
3425	21.6707
3426	7.3459
3427	0.4167
3428	0.0
3429	0.0
3430	0.0
3431	0.0
3432	0.0
3433	0.0
3434	0.0
3435	0.0289
3436	0.9942
3437	4.0997
3438	16.0607
3439	33.4312
3440	43.5814
3441	54.7741
3442	60.4858
3443	55.7698
3444	44.7534
3445	38.1034
3446	34.7887
3447	29.1594
3448	25.5045
3449	16.9607
3450	6.1996
3451	0.4263
3452	0.0
3453	0.0
3454	0.0
3455	0.0
3456	0.0
3457	0.0
3458	0.0
3459	0.166
3460	12.2752
3461	59.5478
3462	110.0635
3463	168.4503
3464	243.0312
3465	368.7648
3466	491.6557
3467	524.7911
3468	484.5816
3469	332.0596
3470	159.4315
3471	49.0151
3472	11.7356
3473	2.3468
3474	0.4018
3475	0.0259
3476	0.0
3477	0.0
3478	0.0
3479	0.0
3480	0.0
3481	0.0
3482	0.0
3483	0.0156
3484	0.7061
3485	6.7569
3486	38.9833
3487	96.3462
3488	186.2348
3489	241.3865
3490	288.8517
3491	300.9005
3492	286.8128
3493	246.322
3494	203.1646
3495	154.9543
3496	120.1704
3497	56.9638
3498	12.1605
3499	0.7073
3500	0.0
3501	0.0
3502	0.0
3503	0.0
3504	0.0
3505	0.0
3506	0.0
3507	0.2489
3508	15.9229
3509	111.933
3510	296.9687
3511	469.3349
3512	609.7046
3513	716.0356
3514	784.2877
3515	811.6327
3516	795.7828
3517	736.444
3518	637.8773
3519	506.6083
3520	353.0477
3521	192.0974
3522	57.3837
3523	3.259
3524	0.0
3525	0.0
3526	0.0
3527	0.0
3528	0.0
3529	0.0
3530	0.0
3531	0.4675
3532	27.2275
3533	128.5365
3534	268.5439
3535	421.4824
3536	565.3968
3537	686.6983
3538	762.0829
3539	784.6601
3540	756.0861
3541	669.5682
3542	528.8219
3543	368.4643
3544	197.0009
3545	75.8807
3546	14.1893
3547	0.7041
3548	0.0
3549	0.0
3550	0.0
3551	0.0
3552	0.0
3553	0.0
3554	0.0
3555	0.0828
3556	1.4747
3557	4.8124
3558	8.0307
3559	9.1666
3560	11.4921
3561	15.6677
3562	22.7797
3563	24.898
3564	25.2298
3565	29.5985
3566	34.1292
3567	27.2127
3568	19.2241
3569	9.306
3570	3.7695
3571	0.3382
3572	0.0
3573	0.0
3574	0.0
3575	0.0
3576	0.0
3577	0.0
3578	0.0
3579	0.0892
3580	3.7901
3581	22.0282
3582	71.547
3583	213.3872
3584	270.7154
3585	285.1815
3586	271.0287
3587	209.0002
3588	236.9079
3589	213.312
3590	167.8439
3591	101.5108
3592	42.8395
3593	14.317
3594	5.28
3595	0.642
3596	0.0
3597	0.0
3598	0.0
3599	0.0
3600	0.0
3601	0.0
3602	0.0
3603	0.093
3604	1.7315
3605	5.1317
3606	10.9987
3607	24.7395
3608	58.1702
3609	138.477
3610	260.1145
3611	362.7766
3612	410.6128
3613	399.7418
3614	347.3234
3615	259.7942
3616	159.7862
3617	71.5106
3618	19.4571
3619	1.608
3620	0.0
3621	0.0
3622	0.0
3623	0.0
3624	0.0
3625	0.0
3626	0.0
3627	0.0654
3628	1.1056
3629	4.9061
3630	13.0317
3631	26.3078
3632	43.7421
3633	73.196
3634	146.1009
3635	292.2194
3636	375.72
3637	327.7867
3638	276.4166
3639	191.8307
3640	147.257
3641	73.6565
3642	22.146
3643	1.7294
3644	0.0
3645	0.0
3646	0.0
3647	0.0
3648	0.0
3649	0.0
3650	0.0
3651	0.9745
3652	35.1315
3653	168.5647
3654	336.8922
3655	492.5158
3656	629.1883
3657	735.0326
3658	802.958
3659	823.9768
3660	806.6329
3661	743.2078
3662	641.5254
3663	513.0806
3664	368.062
3665	211.7348
3666	67.888
3667	5.542
3668	0.0
3669	0.0
3670	0.0
3671	0.0
3672	0.0
3673	0.0
3674	0.0
3675	1.2323
3676	35.5768
3677	152.7217
3678	299.2743
3679	419.2116
3680	499.8093
3681	585.86
3682	642.3055
3683	660.7836
3684	651.5524
3685	624.2825
3686	572.518
3687	475.9425
3688	349.641
3689	205.8898
3690	70.9973
3691	5.7248
3692	0.0
3693	0.0
3694	0.0
3695	0.0
3696	0.0
3697	0.0
3698	0.0
3699	0.4227
3700	8.4401
3701	39.9695
3702	158.9828
3703	381.1912
3704	578.3353
3705	719.9522
3706	797.4534
3707	825.4636
3708	807.8569
3709	746.1883
3710	646.2796
3711	515.92
3712	362.5686
3713	197.16
3714	71.8539
3715	6.3017
3716	0.0
3717	0.0
3718	0.0
3719	0.0
3720	0.0
3721	0.0
3722	0.0
3723	1.5128
3724	41.9012
3725	170.5763
3726	328.9837
3727	480.6811
3728	612.8988
3729	708.4462
3730	771.7899
3731	787.9615
3732	739.4465
3733	642.4827
3734	538.9478
3735	406.1518
3736	268.7008
3737	149.7787
3738	55.6392
3739	5.133
3740	0.0
3741	0.0
3742	0.0
3743	0.0
3744	0.0
3745	0.0
3746	0.0
3747	1.1407
3748	30.9702
3749	140.4778
3750	286.7651
3751	427.1477
3752	583.1752
3753	668.6764
3754	748.3387
3755	785.5125
3756	748.7634
3757	689.3205
3758	589.4992
3759	470.3993
3760	322.7291
3761	178.0334
3762	56.2931
3763	4.4796
3764	0.0
3765	0.0
3766	0.0
3767	0.0
3768	0.0
3769	0.0
3770	0.0
3771	1.4325
3772	39.64
3773	158.5653
3774	311.5972
3775	465.1002
3776	601.4751
3777	706.4749
3778	776.4186
3779	803.8651
3780	783.9895
3781	723.5505
3782	624.8407
3783	493.313
3784	337.3938
3785	189.8087
3786	63.4469
3787	5.286
3788	0.0
3789	0.0
3790	0.0
3791	0.0
3792	0.0
3793	0.0
3794	0.0
3795	1.2784
3796	33.8154
3797	148.3188
3798	295.029
3799	449.0046
3800	584.3402
3801	683.3775
3802	754.2005
3803	782.2969
3804	759.0581
3805	697.784
3806	598.2316
3807	463.4848
3808	295.145
3809	160.9357
3810	48.3443
3811	3.8926
3812	0.0
3813	0.0
3814	0.0
3815	0.0
3816	0.0
3817	0.0
3818	0.0
3819	0.2555
3820	5.736
3821	25.2708
3822	95.2389
3823	306.9025
3824	514.5336
3825	651.1876
3826	737.1615
3827	763.5453
3828	745.3454
3829	685.3106
3830	586.3918
3831	441.7618
3832	305.0183
3833	151.7015
3834	45.3575
3835	3.9149
3836	0.0
3837	0.0
3838	0.0
3839	0.0
3840	0.0
3841	0.0
3842	0.0
3843	0.3165
3844	5.5198
3845	30.9855
3846	104.2939
3847	285.6799
3848	454.6134
3849	592.9992
3850	688.6264
3851	726.6733
3852	714.1678
3853	649.9968
3854	544.7409
3855	422.7923
3856	278.5359
3857	136.1222
3858	33.9398
3859	3.7496
3860	0.0
3861	0.0
3862	0.0
3863	0.0
3864	0.0
3865	0.0
3866	0.0
3867	1.3927
3868	27.8267
3869	91.5097
3870	166.8933
3871	296.8162
3872	463.6604
3873	610.8007
3874	726.4659
3875	766.0789
3876	736.987
3877	654.3486
3878	523.483
3879	373.6851
3880	193.2815
3881	70.601
3882	16.0607
3883	1.4227
3884	0.0
3885	0.0
3886	0.0
3887	0.0
3888	0.0
3889	0.0
3890	0.0
3891	0.2297
3892	3.5606
3893	12.35
3894	17.9829
3895	18.1417
3896	32.479
3897	104.7093
3898	110.3271
3899	57.2573
3900	52.0426
3901	121.3541
3902	206.3534
3903	93.9596
3904	16.9971
3905	3.0025
3906	0.6053
3907	0.0959
3908	0.0
3909	0.0
3910	0.0
3911	0.0
3912	0.0
3913	0.0
3914	0.0
3915	0.1281
3916	3.2591
3917	18.592
3918	80.6239
3919	209.508
3920	240.5992
3921	304.5522
3922	406.5828
3923	365.6982
3924	230.2624
3925	60.2529
3926	10.5253
3927	4.3341
3928	3.2803
3929	3.4693
3930	4.3419
3931	0.9993
3932	0.0
3933	0.0
3934	0.0
3935	0.0
3936	0.0
3937	0.0
3938	0.0
3939	1.4216
3940	35.7554
3941	153.3694
3942	279.3386
3943	257.4981
3944	207.6607
3945	373.6419
3946	642.3898
3947	714.104
3948	662.1941
3949	345.4183
3950	94.8015
3951	22.7231
3952	9.5661
3953	6.1012
3954	4.4335
3955	1.4084
3956	0.0
3957	0.0
3958	0.0
3959	0.0
3960	0.0
3961	0.0
3962	0.0
3963	1.3351
3964	10.79
3965	18.3703
3966	21.3878
3967	23.7794
3968	63.9836
3969	304.7976
3970	553.81
3971	651.7792
3972	737.764
3973	672.1897
3974	565.9591
3975	441.9286
3976	306.978
3977	155.9413
3978	40.7365
3979	3.1858
3980	0.0
3981	0.0
3982	0.0
3983	0.0
3984	0.0
3985	0.0
3986	0.0
3987	0.3921
3988	2.8315
3989	11.6059
3990	150.2438
3991	390.1947
3992	528.2605
3993	583.901
3994	599.3155
3995	594.6585
3996	490.9527
3997	227.1611
3998	61.4389
3999	28.7284
4000	40.769
4001	34.5705
4002	16.9773
4003	2.9682
4004	0.0
4005	0.0
4006	0.0
4007	0.0
4008	0.0
4009	0.0
4010	0.0
4011	1.5959
4012	31.3671
4013	91.754
4014	202.3178
4015	354.5611
4016	369.8371
4017	453.634
4018	369.4215
4019	329.3438
4020	323.7579
4021	294.6484
4022	257.7088
4023	205.5808
4024	102.055
4025	20.5525
4026	4.1058
4027	0.7026
4028	0.0
4029	0.0
4030	0.0
4031	0.0
4032	0.0
4033	0.0
4034	0.0
4035	0.3358
4036	2.8867
4037	12.6524
4038	56.5602
4039	119.2816
4040	149.6069
4041	186.4491
4042	293.0198
4043	412.3195
4044	495.5754
4045	485.9368
4046	388.1511
4047	259.2521
4048	133.0309
4049	43.4415
4050	8.4951
4051	0.8248
4052	0.0
4053	0.0
4054	0.0
4055	0.0
4056	0.0
4057	0.0
4058	0.0
4059	0.1473
4060	3.4556
4061	8.9417
4062	5.7852
4063	9.3152
4064	18.7692
4065	36.3915
4066	91.063
4067	166.4565
4068	212.648
4069	216.4883
4070	149.2987
4071	63.7437
4072	14.4845
4073	3.8558
4074	1.1822
4075	0.2135
4076	0.0
4077	0.0
4078	0.0
4079	0.0
4080	0.0
4081	0.0
4082	0.0
4083	0.1038
4084	0.6657
4085	1.6632
4086	4.0073
4087	9.4045
4088	20.2315
4089	40.3281
4090	59.6438
4091	69.9169
4092	78.2163
4093	41.7909
4094	16.3366
4095	7.313
4096	4.5469
4097	3.1284
4098	2.0549
4099	0.3098
4100	0.0
4101	0.0
4102	0.0
4103	0.0
4104	0.0
4105	0.0
4106	0.0
4107	0.0313
4108	0.462
4109	1.7757
4110	4.6049
4111	8.3957
4112	13.5728
4113	21.4408
4114	36.0722
4115	57.9066
4116	66.1248
4117	66.7048
4118	69.9426
4119	80.1706
4120	52.7603
4121	23.8282
4122	9.341
4123	1.1143
4124	0.0
4125	0.0
4126	0.0
4127	0.0
4128	0.0
4129	0.0
4130	0.0
4131	0.8234
4132	20.6825
4133	106.0862
4134	266.1203
4135	408.389
4136	511.4796
4137	441.8866
4138	282.7137
4139	154.345
4140	88.8085
4141	56.828
4142	51.3138
4143	81.9327
4144	79.8784
4145	84.1601
4146	39.61
4147	3.4347
4148	0.0
4149	0.0
4150	0.0
4151	0.0
4152	0.0
4153	0.0
4154	0.0
4155	0.6789
4156	12.1664
4157	38.3924
4158	82.5801
4159	213.3024
4160	369.7444
4161	438.1774
4162	375.9572
4163	209.1728
4164	253.5543
4165	267.0208
4166	310.8834
4167	217.4178
4168	125.9492
4169	54.4595
4170	12.7478
4171	1.0602
4172	0.0
4173	0.0
4174	0.0
4175	0.0
4176	0.0
4177	0.0
4178	0.0
4179	0.4788
4180	9.7412
4181	48.5235
4182	194.3075
4183	347.482
4184	470.448
4185	468.6189
4186	450.0904
4187	393.0008
4188	346.5457
4189	311.364
4190	270.1171
4191	222.637
4192	146.9829
4193	63.0051
4194	24.2733
4195	3.683
4196	0.0
4197	0.0
4198	0.0
4199	0.0
4200	0.0
4201	0.0
4202	0.0
4203	1.5343
4204	36.1891
4205	146.0346
4206	286.9669
4207	423.7494
4208	536.7118
4209	615.28
4210	641.5732
4211	625.6345
4212	630.0805
4213	575.427
4214	496.3534
4215	398.0929
4216	272.9179
4217	168.3316
4218	61.0749
4219	7.6553
4220	0.0
4221	0.0
4222	0.0
4223	0.0
4224	0.0
4225	0.0
4226	0.0
4227	1.2228
4228	28.6721
4229	114.2811
4230	234.8267
4231	356.4676
4232	426.763
4233	395.8308
4234	308.5743
4235	311.1115
4236	321.7497
4237	385.6043
4238	288.0026
4239	199.3903
4240	83.086
4241	21.2777
4242	3.201
4243	0.2416
4244	0.0
4245	0.0
4246	0.0
4247	0.0
4248	0.0
4249	0.0
4250	0.0
4251	1.0301
4252	26.3609
4253	112.6416
4254	240.141
4255	330.6784
4256	242.5986
4257	98.0866
4258	54.1136
4259	46.0529
4260	40.9226
4261	41.6248
4262	26.6958
4263	15.9444
4264	7.064
4265	3.255
4266	1.3905
4267	0.2416
4268	0.0
4269	0.0
4270	0.0
4271	0.0
4272	0.0
4273	0.0
4274	0.0
4275	0.0407
4276	0.9699
4277	6.6867
4278	28.3541
4279	67.2978
4280	109.8134
4281	121.8029
4282	128.1481
4283	118.768
4284	100.4055
4285	87.3349
4286	60.3325
4287	36.5656
4288	11.7058
4289	2.6832
4290	0.5996
4291	0.0607
4292	0.0
4293	0.0
4294	0.0
4295	0.0
4296	0.0
4297	0.0
4298	0.0
4299	0.1721
4300	2.7456
4301	8.0368
4302	14.8274
4303	23.2357
4304	51.5086
4305	245.9907
4306	340.9209
4307	355.3039
4308	408.449
4309	426.4963
4310	462.8474
4311	383.7648
4312	220.6622
4313	104.1907
4314	33.8001
4315	3.8436
4316	0.0
4317	0.0
4318	0.0
4319	0.0
4320	0.0
4321	0.0
4322	0.0
4323	0.0898
4324	1.0668
4325	3.9239
4326	13.6683
4327	36.8216
4328	102.0696
4329	207.219
4330	342.3683
4331	420.912
4332	474.8276
4333	444.9659
4334	343.1673
4335	258.7653
4336	165.6667
4337	85.9455
4338	27.9809
4339	2.6324
4340	0.0
4341	0.0
4342	0.0
4343	0.0
4344	0.0
4345	0.0
4346	0.0
4347	0.5028
4348	14.9903
4349	99.8449
4350	230.7718
4351	325.2925
4352	388.5926
4353	393.7662
4354	401.2296
4355	328.6887
4356	177.3491
4357	110.583
4358	104.1416
4359	75.7014
4360	40.9501
4361	10.4681
4362	8.0151
4363	1.5853
4364	0.0
4365	0.0
4366	0.0
4367	0.0
4368	0.0
4369	0.0
4370	0.0
4371	0.571
4372	17.4402
4373	98.6687
4374	191.5593
4375	242.274
4376	281.8464
4377	379.5244
4378	517.8282
4379	464.8939
4380	237.7156
4381	98.7279
4382	81.3799
4383	71.8402
4384	46.3324
4385	23.1019
4386	7.7333
4387	0.8789
4388	0.0
4389	0.0
4390	0.0
4391	0.0
4392	0.0
4393	0.0
4394	0.0
4395	0.048
4396	0.5094
4397	1.5425
4398	3.2983
4399	6.9526
4400	19.9431
4401	66.2182
4402	151.777
4403	184.2779
4404	109.9992
4405	80.2111
4406	65.1397
4407	44.5917
4408	29.0289
4409	15.7017
4410	4.3997
4411	0.4454
4412	0.0
4413	0.0
4414	0.0
4415	0.0
4416	0.0
4417	0.0
4418	0.0
4419	0.267
4420	7.2684
4421	40.5617
4422	129.64
4423	262.6136
4424	432.8437
4425	518.1804
4426	568.68
4427	629.8416
4428	657.0434
4429	593.515
4430	456.4884
4431	251.6534
4432	100.3384
4433	44.6951
4434	13.3427
4435	1.1776
4436	0.0
4437	0.0
4438	0.0
4439	0.0
4440	0.0
4441	0.0
4442	0.0
4443	0.3513
4444	7.2885
4445	29.2948
4446	70.5004
4447	179.6047
4448	349.8916
4449	532.1092
4450	645.8734
4451	671.4548
4452	605.4445
4453	550.9139
4454	467.7729
4455	352.9206
4456	245.182
4457	129.1467
4458	33.8676
4459	2.6979
4460	0.0
4461	0.0
4462	0.0
4463	0.0
4464	0.0
4465	0.0
4466	0.0
4467	1.2263
4468	34.0096
4469	142.4398
4470	287.6952
4471	439.739
4472	575.2061
4473	684.9802
4474	754.615
4475	782.6984
4476	756.0644
4477	699.1965
4478	603.302
4479	463.3442
4480	320.2766
4481	175.2042
4482	53.5534
4483	4.25
4484	0.0
4485	0.0
4486	0.0
4487	0.0
4488	0.0
4489	0.0
4490	0.0
4491	1.209
4492	36.0878
4493	148.1922
4494	295.6659
4495	447.6364
4496	583.2832
4497	684.8089
4498	754.6972
4499	782.1882
4500	766.3437
4501	705.3096
4502	603.8103
4503	465.7991
4504	296.6342
4505	126.4968
4506	27.2237
4507	1.9759
4508	0.0
4509	0.0
4510	0.0
4511	0.0
4512	0.0
4513	0.0
4514	0.0
4515	0.7831
4516	22.098
4517	118.8358
4518	266.6373
4519	418.2235
4520	552.0192
4521	669.9895
4522	740.7625
4523	768.4909
4524	742.111
4525	682.4383
4526	585.4743
4527	461.1593
4528	317.0256
4529	169.2181
4530	49.4998
4531	3.7706
4532	0.0
4533	0.0
4534	0.0
4535	0.0
4536	0.0
4537	0.0
4538	0.0
4539	0.9812
4540	33.7038
4541	143.9077
4542	286.9659
4543	437.3787
4544	572.0577
4545	675.773
4546	745.4619
4547	773.2237
4548	761.2329
4549	700.9564
4550	601.7792
4551	469.3762
4552	321.8252
4553	172.1546
4554	48.8066
4555	3.3513
4556	0.0
4557	0.0
4558	0.0
4559	0.0
4560	0.0
4561	0.0
4562	0.0
4563	0.8709
4564	31.41
4565	137.3099
4566	280.0144
4567	421.1774
4568	537.0855
4569	603.8359
4570	627.6157
4571	649.5126
4572	618.9535
4573	556.8191
4574	470.6149
4575	365.7874
4576	241.3173
4577	101.1368
4578	20.1748
4579	1.4931
4580	0.0
4581	0.0
4582	0.0
4583	0.0
4584	0.0
4585	0.0
4586	0.0
4587	0.2365
4588	5.5594
4589	28.1519
4590	99.8446
4591	266.9898
4592	473.5609
4593	614.7931
4594	694.7688
4595	736.8074
4596	712.5719
4597	659.5002
4598	557.3955
4599	439.5165
4600	304.2899
4601	155.924
4602	38.9565
4603	2.6288
4604	0.0
4605	0.0
4606	0.0
4607	0.0
4608	0.0
4609	0.0
4610	0.0
4611	0.1983
4612	6.6396
4613	27.501
4614	69.5824
4615	143.47
4616	190.7783
4617	187.6285
4618	234.7467
4619	271.2946
4620	312.7495
4621	336.363
4622	267.8749
4623	201.1824
4624	84.1379
4625	21.9274
4626	5.2409
4627	0.416
4628	0.0
4629	0.0
4630	0.0
4631	0.0
4632	0.0
4633	0.0
4634	0.0
4635	0.0967
4636	3.3418
4637	19.7295
4638	55.2774
4639	117.0126
4640	284.2581
4641	492.6306
4642	628.6597
4643	676.7684
4644	628.293
4645	571.006
4646	470.4321
4647	348.9309
4648	186.6859
4649	82.615
4650	23.4408
4651	1.4944
4652	0.0
4653	0.0
4654	0.0
4655	0.0
4656	0.0
4657	0.0
4658	0.0
4659	0.2232
4660	4.9426
4661	12.835
4662	22.4629
4663	66.149
4664	173.3321
4665	267.9979
4666	321.5235
4667	379.5596
4668	352.7071
4669	253.9709
4670	168.2962
4671	80.9179
4672	30.9457
4673	12.4575
4674	3.9154
4675	0.3413
4676	0.0
4677	0.0
4678	0.0
4679	0.0
4680	0.0
4681	0.0
4682	0.0
4683	0.4159
4684	19.4433
4685	110.6668
4686	258.3665
4687	413.5893
4688	553.3705
4689	661.7675
4690	737.2573
4691	769.4502
4692	766.8
4693	708.7442
4694	611.6241
4695	486.3269
4696	338.9664
4697	187.4154
4698	58.8912
4699	3.571
4700	0.0
4701	0.0
4702	0.0
4703	0.0
4704	0.0
4705	0.0
4706	0.0
4707	0.2042
4708	4.9611
4709	22.2068
4710	65.7654
4711	147.7467
4712	257.1283
4713	346.9271
4714	380.9116
4715	359.3558
4716	254.8807
4717	149.3294
4718	64.1537
4719	30.3845
4720	14.3936
4721	6.0674
4722	2.1275
4723	0.2097
4724	0.0
4725	0.0
4726	0.0
4727	0.0
4728	0.0
4729	0.0
4730	0.0
4731	0.1015
4732	3.8175
4733	19.4149
4734	47.942
4735	79.4296
4736	112.6119
4737	151.1552
4738	185.9792
4739	213.2697
4740	215.1976
4741	210.7476
4742	165.0576
4743	106.4297
4744	56.999
4745	25.3666
4746	7.7029
4747	0.6263
4748	0.0
4749	0.0
4750	0.0
4751	0.0
4752	0.0
4753	0.0
4754	0.0
4755	0.3325
4756	20.4847
4757	109.2396
4758	248.6044
4759	399.1421
4760	539.5457
4761	654.5247
4762	730.5439
4763	759.9475
4764	744.9269
4765	686.2394
4766	589.8657
4767	463.6956
4768	319.1187
4769	171.3001
4770	49.6294
4771	2.4098
4772	0.0
4773	0.0
4774	0.0
4775	0.0
4776	0.0
4777	0.0
4778	0.0
4779	0.364
4780	27.6543
4781	135.8542
4782	279.2267
4783	429.5522
4784	564.2957
4785	669.9929
4786	737.1447
4787	761.5272
4788	728.7008
4789	663.8747
4790	566.8638
4791	442.0046
4792	300.1498
4793	150.6683
4794	44.0666
4795	2.1942
4796	0.0
4797	0.0
4798	0.0
4799	0.0
4800	0.0
4801	0.0
4802	0.0
4803	0.2525
4804	22.8823
4805	120.0807
4806	250.6367
4807	373.2771
4808	469.8757
4809	614.5291
4810	695.4007
4811	744.0219
4812	717.2449
4813	657.1053
4814	568.3731
4815	437.8512
4816	294.9327
4817	148.8315
4818	42.2987
4819	1.7511
4820	0.0
4821	0.0
4822	0.0
4823	0.0
4824	0.0
4825	0.0
4826	0.0
4827	0.2638
4828	27.179
4829	136.1595
4830	283.6229
4831	432.4913
4832	566.457
4833	666.9714
4834	735.7551
4835	761.8835
4836	742.4848
4837	681.5298
4838	582.2445
4839	451.2568
4840	303.51
4841	156.6046
4842	41.7484
4843	1.6403
4844	0.0
4845	0.0
4846	0.0
4847	0.0
4848	0.0
4849	0.0
4850	0.0
4851	0.1777
4852	13.6422
4853	76.395
4854	194.5872
4855	346.574
4856	497.8663
4857	620.276
4858	688.2683
4859	702.8132
4860	682.8067
4861	616.8468
4862	512.1698
4863	382.06
4864	239.5582
4865	104.267
4866	23.6925
4867	0.9446
4868	0.0
4869	0.0
4870	0.0
4871	0.0
4872	0.0
4873	0.0
4874	0.0
4875	0.1157
4876	14.658
4877	90.7826
4878	223.3686
4879	365.2365
4880	494.995
4881	580.4876
4882	646.8142
4883	677.0929
4884	643.5999
4885	562.0166
4886	444.5559
4887	316.6692
4888	186.3082
4889	77.5822
4890	15.7215
4891	0.6004
4892	0.0
4893	0.0
4894	0.0
4895	0.0
4896	0.0
4897	0.0
4898	0.0
4899	0.0192
4900	1.1959
4901	4.5626
4902	9.512
4903	12.7186
4904	14.5601
4905	19.645
4906	25.9213
4907	45.759
4908	91.1088
4909	176.225
4910	234.4065
4911	229.025
4912	165.2005
4913	74.4834
4914	16.4085
4915	0.5345
4916	0.0
4917	0.0
4918	0.0
4919	0.0
4920	0.0
4921	0.0
4922	0.0
4923	0.0783
4924	16.761
4925	102.71
4926	229.3485
4927	338.4543
4928	370.8706
4929	368.556
4930	446.3787
4931	542.7174
4932	576.0305
4933	508.5948
4934	396.221
4935	267.4003
4936	148.1649
4937	65.4097
4938	15.9012
4939	0.5603
4940	0.0
4941	0.0
4942	0.0
4943	0.0
4944	0.0
4945	0.0
4946	0.0
4947	0.0383
4948	7.0094
4949	58.9427
4950	117.6066
4951	30.8255
4952	12.7919
4953	12.8329
4954	13.9503
4955	23.4631
4956	59.705
4957	106.1696
4958	102.0976
4959	91.8038
4960	46.1134
4961	22.6424
4962	5.3028
4963	0.1854
4964	0.0
4965	0.0
4966	0.0
4967	0.0
4968	0.0
4969	0.0
4970	0.0
4971	0.0075
4972	1.6831
4973	10.5986
4974	14.6641
4975	15.2583
4976	22.9273
4977	24.8562
4978	13.1306
4979	12.9425
4980	15.9729
4981	14.517
4982	12.0798
4983	9.0652
4984	9.0283
4985	6.8447
4986	1.1123
4987	0.0226
4988	0.0
4989	0.0
4990	0.0
4991	0.0
4992	0.0
4993	0.0
4994	0.0
4995	0.0093
4996	1.0094
4997	11.9058
4998	103.4631
4999	317.9258
5000	500.2689
5001	630.2277
5002	705.7194
5003	732.8346
5004	673.5753
5005	449.1586
5006	353.8641
5007	184.373
5008	52.1337
5009	21.2239
5010	7.8182
5011	0.3161
5012	0.0
5013	0.0
5014	0.0
5015	0.0
5016	0.0
5017	0.0
5018	0.0
5019	0.0019
5020	0.5847
5021	5.8074
5022	11.5072
5023	26.6246
5024	101.7571
5025	241.8154
5026	235.3713
5027	271.1669
5028	246.2862
5029	181.9909
5030	141.5641
5031	95.6303
5032	68.29
5033	35.9581
5034	9.9944
5035	0.2384
5036	0.0
5037	0.0
5038	0.0
5039	0.0
5040	0.0
5041	0.0
5042	0.0
5043	0.0115
5044	9.0069
5045	41.1729
5046	70.1465
5047	88.2328
5048	99.0271
5049	188.6571
5050	456.0811
5051	623.749
5052	624.2519
5053	474.8141
5054	229.6695
5055	71.8262
5056	24.5624
5057	4.5346
5058	0.757
5059	0.0357
5060	0.0
5061	0.0
5062	0.0
5063	0.0
5064	0.0
5065	0.0
5066	0.0
5067	0.0071
5068	6.7272
5069	54.7993
5070	174.6424
5071	300.3259
5072	447.8579
5073	575.0958
5074	660.5474
5075	651.277
5076	537.2492
5077	348.5419
5078	194.5318
5079	91.4555
5080	36.344
5081	11.2568
5082	2.444
5083	0.0902
5084	0.0
5085	0.0
5086	0.0
5087	0.0
5088	0.0
5089	0.0
5090	0.0
5091	0.0035
5092	4.3487
5093	53.4784
5094	194.3709
5095	360.9971
5096	502.8552
5097	614.6698
5098	690.4637
5099	722.8458
5100	709.7559
5101	653.4306
5102	557.7473
5103	431.422
5104	287.251
5105	141.0547
5106	29.1137
5107	0.2835
5108	0.0
5109	0.0
5110	0.0
5111	0.0
5112	0.0
5113	0.0
5114	0.0
5115	0.0037
5116	12.6737
5117	99.6147
5118	236.1912
5119	379.7938
5120	510.613
5121	613.2844
5122	672.8127
5123	669.3354
5124	594.076
5125	475.8684
5126	355.782
5127	226.2837
5128	116.2655
5129	60.3908
5130	12.2114
5131	0.117
5132	0.0
5133	0.0
5134	0.0
5135	0.0
5136	0.0
5137	0.0
5138	0.0
5139	0.0009
5140	0.4782
5141	2.5276
5142	23.6506
5143	180.9391
5144	377.3031
5145	581.4506
5146	681.7086
5147	707.0543
5148	632.6617
5149	566.35
5150	517.48
5151	411.6114
5152	268.4854
5153	119.4422
5154	18.9379
5155	0.1349
5156	0.0
5157	0.0
5158	0.0
5159	0.0
5160	0.0
5161	0.0
5162	0.0
5163	0.0009
5164	10.7069
5165	95.4865
5166	225.1868
5167	353.7989
5168	464.414
5169	545.1618
5170	595.0786
5171	630.6876
5172	636.7956
5173	558.1261
5174	410.9057
5175	233.1765
5176	123.4442
5177	51.217
5178	8.4232
5179	0.0595
5180	0.0
5181	0.0
5182	0.0
5183	0.0
5184	0.0
5185	0.0
5186	0.0
5187	0.0002
5188	6.5774
5189	65.2039
5190	196.3386
5191	338.421
5192	462.0956
5193	589.5967
5194	669.463
5195	659.1796
5196	538.309
5197	420.1269
5198	316.2743
5199	153.0221
5200	32.6804
5201	5.9063
5202	0.867
5203	0.0065
5204	0.0
5205	0.0
5206	0.0
5207	0.0
5208	0.0
5209	0.0
5210	0.0
5211	0.0001
5212	8.3967
5213	88.1966
5214	219.7504
5215	306.3893
5216	453.4957
5217	568.1458
5218	640.8146
5219	628.9118
5220	583.0272
5221	420.3432
5222	214.5794
5223	55.3696
5224	16.6949
5225	11.408
5226	5.0734
5227	0.0308
5228	0.0
5229	0.0
5230	0.0
5231	0.0
5232	0.0
5233	0.0
5234	0.0
5235	0.0
5236	1.9233
5237	13.7425
5238	19.3226
5239	20.1715
5240	20.3199
5241	22.5524
5242	34.69
5243	36.8271
5244	26.8153
5245	14.6148
5246	7.5681
5247	6.1902
5248	4.2733
5249	1.9385
5250	0.3876
5251	0.0015
5252	0.0
5253	0.0
5254	0.0
5255	0.0
5256	0.0
5257	0.0
5258	0.0
5259	0.0
5260	2.3316
5261	36.0998
5262	156.3749
5263	332.7631
5264	494.2259
5265	610.6319
5266	679.3951
5267	717.2564
5268	704.4354
5269	647.9215
5270	551.9083
5271	419.6151
5272	267.4675
5273	98.4618
5274	9.9246
5275	0.0165
5276	0.0
5277	0.0
5278	0.0
5279	0.0
5280	0.0
5281	0.0
5282	0.0
5283	0.0
5284	1.0707
5285	12.763
5286	62.9549
5287	163.8435
5288	291.9714
5289	411.6699
5290	484.0969
5291	467.04
5292	392.059
5293	291.7732
5294	203.0774
5295	121.9082
5296	73.0669
5297	38.4044
5298	6.6559
5299	0.0076
5300	0.0
5301	0.0
5302	0.0
5303	0.0
5304	0.0
5305	0.0
5306	0.0
5307	0.0
5308	4.8492
5309	61.1642
5310	196.3388
5311	340.3007
5312	478.1227
5313	546.8496
5314	452.7242
5315	373.7323
5316	357.3092
5317	345.6618
5318	309.3931
5319	256.0919
5320	146.3544
5321	66.7302
5322	12.1789
5323	0.0046
5324	0.0
5325	0.0
5326	0.0
5327	0.0
5328	0.0
5329	0.0
5330	0.0
5331	0.0
5332	2.555
5333	40.5356
5334	156.8571
5335	311.1674
5336	437.2476
5337	555.7984
5338	620.402
5339	598.1919
5340	562.5805
5341	513.0906
5342	365.439
5343	234.4471
5344	124.4153
5345	58.0712
5346	8.1075
5347	0.0016
5348	0.0
5349	0.0
5350	0.0
5351	0.0
5352	0.0
5353	0.0
5354	0.0
5355	0.0
5356	1.1904
5357	9.0296
5358	30.7116
5359	66.8465
5360	70.1679
5361	55.703
5362	52.8497
5363	51.3087
5364	81.5564
5365	146.3791
5366	216.1335
5367	188.6635
5368	111.0322
5369	45.2768
5370	6.0792
5371	0.0005
5372	0.0
5373	0.0
5374	0.0
5375	0.0
5376	0.0
5377	0.0
5378	0.0
5379	0.0
5380	3.0609
5381	56.4537
5382	174.4702
5383	289.9736
5384	386.4948
5385	452.3159
5386	489.1163
5387	504.3185
5388	485.8276
5389	456.3708
5390	379.6554
5391	297.6257
5392	198.2509
5393	83.2979
5394	10.8694
5395	0.0002
5396	0.0
5397	0.0
5398	0.0
5399	0.0
5400	0.0
5401	0.0
5402	0.0
5403	0.0
5404	3.708
5405	59.735
5406	181.826
5407	319.2537
5408	442.1132
5409	539.7785
5410	577.1203
5411	523.4374
5412	482.5309
5413	418.4771
5414	392.6041
5415	311.3603
5416	179.1808
5417	38.8198
5418	2.7904
5419	0.0
5420	0.0
5421	0.0
5422	0.0
5423	0.0
5424	0.0
5425	0.0
5426	0.0
5427	0.0
5428	1.396
5429	10.7588
5430	23.2604
5431	41.6991
5432	53.9171
5433	52.4929
5434	45.0563
5435	82.0047
5436	172.883
5437	271.4313
5438	260.0842
5439	164.7852
5440	99.5391
5441	47.5641
5442	5.0716
5443	0.0
5444	0.0
5445	0.0
5446	0.0
5447	0.0
5448	0.0
5449	0.0
5450	0.0
5451	0.0
5452	1.0137
5453	16.2838
5454	73.6703
5455	189.6166
5456	344.2571
5457	491.7173
5458	581.8122
5459	617.6345
5460	601.0902
5461	516.9003
5462	368.4096
5463	215.5009
5464	95.0132
5465	22.5698
5466	1.9973
5467	0.0
5468	0.0
5469	0.0
5470	0.0
5471	0.0
5472	0.0
5473	0.0
5474	0.0
5475	0.0
5476	1.6285
5477	39.7268
5478	146.3756
5479	271.9253
5480	330.7938
5481	439.9278
5482	578.9858
5483	647.0948
5484	590.9147
5485	424.854
5486	297.6752
5487	176.272
5488	35.8908
5489	3.8438
5490	0.2906
5491	0.0
5492	0.0
5493	0.0
5494	0.0
5495	0.0
5496	0.0
5497	0.0
5498	0.0
5499	0.0
5500	0.0283
5501	0.5784
5502	3.6999
5503	8.69
5504	15.0123
5505	60.3954
5506	286.6848
5507	488.011
5508	498.341
5509	487.6441
5510	419.5133
5511	310.7343
5512	181.4739
5513	64.5147
5514	5.6031
5515	0.0
5516	0.0
5517	0.0
5518	0.0
5519	0.0
5520	0.0
5521	0.0
5522	0.0
5523	0.0
5524	0.982
5525	29.5626
5526	104.157
5527	195.6055
5528	225.3375
5529	192.3015
5530	88.7491
5531	47.3078
5532	103.0399
5533	235.462
5534	287.9346
5535	242.8417
5536	163.7769
5537	66.6573
5538	6.0343
5539	0.0
5540	0.0
5541	0.0
5542	0.0
5543	0.0
5544	0.0
5545	0.0
5546	0.0
5547	0.0
5548	1.3338
5549	38.6629
5550	128.4425
5551	246.5932
5552	351.3559
5553	320.5987
5554	324.5281
5555	307.1933
5556	313.8579
5557	330.6242
5558	271.0848
5559	163.9855
5560	82.5955
5561	24.7297
5562	2.5464
5563	0.0
5564	0.0
5565	0.0
5566	0.0
5567	0.0
5568	0.0
5569	0.0
5570	0.0
5571	0.0
5572	0.3637
5573	11.9903
5574	75.335
5575	198.3651
5576	333.8256
5577	431.2719
5578	427.2641
5579	314.4324
5580	159.6701
5581	85.8005
5582	47.7066
5583	31.0117
5584	24.7529
5585	15.8918
5586	1.9933
5587	0.0
5588	0.0
5589	0.0
5590	0.0
5591	0.0
5592	0.0
5593	0.0
5594	0.0
5595	0.0
5596	0.2755
5597	5.1666
5598	18.4083
5599	43.0626
5600	65.0475
5601	82.2756
5602	100.1157
5603	101.1004
5604	77.6323
5605	51.9419
5606	28.2894
5607	12.8764
5608	5.1533
5609	1.3664
5610	0.1299
5611	0.0
5612	0.0
5613	0.0
5614	0.0
5615	0.0
5616	0.0
5617	0.0
5618	0.0
5619	0.0
5620	0.2145
5621	10.8353
5622	66.2628
5623	193.4287
5624	355.9221
5625	490.1231
5626	571.0926
5627	605.0054
5628	615.407
5629	555.2695
5630	453.9769
5631	322.1266
5632	177.5957
5633	52.4909
5634	2.7512
5635	0.0
5636	0.0
5637	0.0
5638	0.0
5639	0.0
5640	0.0
5641	0.0
5642	0.0
5643	0.0
5644	0.0599
5645	1.2813
5646	4.3518
5647	10.3207
5648	19.3101
5649	24.1619
5650	25.126
5651	25.5326
5652	23.617
5653	25.9348
5654	23.3434
5655	14.2994
5656	5.5797
5657	1.2495
5658	0.0871
5659	0.0
5660	0.0
5661	0.0
5662	0.0
5663	0.0
5664	0.0
5665	0.0
5666	0.0
5667	0.0
5668	0.2096
5669	16.8421
5670	63.5177
5671	90.9151
5672	103.5948
5673	140.9374
5674	261.9838
5675	368.6714
5676	314.3344
5677	226.0904
5678	141.1868
5679	89.2917
5680	47.1405
5681	15.6797
5682	1.0254
5683	0.0
5684	0.0
5685	0.0
5686	0.0
5687	0.0
5688	0.0
5689	0.0
5690	0.0
5691	0.0
5692	0.3667
5693	36.1976
5694	157.6394
5695	290.8761
5696	397.7773
5697	485.4268
5698	513.4518
5699	508.4926
5700	511.241
5701	497.7133
5702	434.4728
5703	295.5054
5704	124.7415
5705	27.4673
5706	1.4069
5707	0.0
5708	0.0
5709	0.0
5710	0.0
5711	0.0
5712	0.0
5713	0.0
5714	0.0
5715	0.0
5716	0.2758
5717	33.5212
5718	156.2454
5719	308.8614
5720	451.3521
5721	565.0557
5722	640.2813
5723	670.2468
5724	645.6762
5725	579.9802
5726	473.1295
5727	328.7682
5728	133.0316
5729	28.7472
5730	1.1729
5731	0.0
5732	0.0
5733	0.0
5734	0.0
5735	0.0
5736	0.0
5737	0.0
5738	0.0
5739	0.0
5740	0.0848
5741	11.862
5742	71.3
5743	208.6654
5744	349.5709
5745	477.5513
5746	556.8708
5747	556.6732
5748	504.1531
5749	380.4873
5750	294.8952
5751	199.1757
5752	99.5258
5753	29.1929
5754	1.0196
5755	0.0
5756	0.0
5757	0.0
5758	0.0
5759	0.0
5760	0.0
5761	0.0
5762	0.0
5763	0.0
5764	0.0524
5765	5.3461
5766	24.7309
5767	50.3539
5768	71.4341
5769	112.1014
5770	203.3783
5771	335.727
5772	412.1821
5773	428.9884
5774	369.4089
5775	258.813
5776	114.5684
5777	22.9765
5778	0.6525
5779	0.0
5780	0.0
5781	0.0
5782	0.0
5783	0.0
5784	0.0
5785	0.0
5786	0.0
5787	0.0
5788	0.0557
5789	14.4466
5790	95.2478
5791	174.4048
5792	185.5356
5793	171.774
5794	214.7521
5795	282.7119
5796	340.6448
5797	338.737
5798	233.7507
5799	114.1088
5800	74.2971
5801	22.2152
5802	0.6802
5803	0.0
5804	0.0
5805	0.0
5806	0.0
5807	0.0
5808	0.0
5809	0.0
5810	0.0
5811	0.0
5812	0.0032
5813	0.5762
5814	3.8197
5815	13.3262
5816	49.3163
5817	170.4466
5818	360.9867
5819	503.9805
5820	506.3907
5821	459.116
5822	391.7048
5823	273.5055
5824	162.6273
5825	44.8361
5826	0.7746
5827	0.0
5828	0.0
5829	0.0
5830	0.0
5831	0.0
5832	0.0
5833	0.0
5834	0.0
5835	0.0
5836	0.0067
5837	1.8128
5838	13.6758
5839	47.992
5840	42.9439
5841	53.2767
5842	101.3301
5843	69.1544
5844	31.5077
5845	15.9991
5846	10.8484
5847	4.3675
5848	1.4311
5849	0.4003
5850	0.0199
5851	0.0
5852	0.0
5853	0.0
5854	0.0
5855	0.0
5856	0.0
5857	0.0
5858	0.0
5859	0.0
5860	0.0023
5861	5.7438
5862	56.1145
5863	149.6899
5864	214.3993
5865	247.5497
5866	293.0299
5867	334.2059
5868	339.6918
5869	316.6834
5870	255.4643
5871	176.7297
5872	105.4643
5873	28.5389
5874	0.4623
5875	0.0
5876	0.0
5877	0.0
5878	0.0
5879	0.0
5880	0.0
5881	0.0
5882	0.0
5883	0.0
5884	0.0057
5885	16.7937
5886	108.0276
5887	224.8973
5888	343.533
5889	437.9209
5890	517.864
5891	570.383
5892	561.2502
5893	499.1015
5894	399.777
5895	236.5283
5896	99.5068
5897	22.7116
5898	0.3259
5899	0.0
5900	0.0
5901	0.0
5902	0.0
5903	0.0
5904	0.0
5905	0.0
5906	0.0
5907	0.0
5908	0.0019
5909	8.4092
5910	73.5873
5911	191.449
5912	323.8258
5913	433.5387
5914	472.7921
5915	533.7244
5916	513.4173
5917	464.8265
5918	375.5931
5919	240.9203
5920	124.527
5921	28.4523
5922	0.2481
5923	0.0
5924	0.0
5925	0.0
5926	0.0
5927	0.0
5928	0.0
5929	0.0
5930	0.0
5931	0.0
5932	0.001
5933	14.5092
5934	114.9324
5935	258.3749
5936	394.8527
5937	504.1185
5938	577.2966
5939	606.8247
5940	588.3317
5941	526.5484
5942	424.653
5943	292.6191
5944	147.6944
5945	29.9634
5946	0.1846
5947	0.0
5948	0.0
5949	0.0
5950	0.0
5951	0.0
5952	0.0
5953	0.0
5954	0.0
5955	0.0
5956	0.0002
5957	6.4587
5958	54.8045
5959	135.5783
5960	216.28
5961	304.7633
5962	386.9463
5963	406.7175
5964	339.545
5965	234.8906
5966	158.5174
5967	84.8672
5968	23.8482
5969	2.7365
5970	0.0106
5971	0.0
5972	0.0
5973	0.0
5974	0.0
5975	0.0
5976	0.0
5977	0.0
5978	0.0
5979	0.0
5980	0.0
5981	1.9053
5982	15.4536
5983	36.7085
5984	60.2642
5985	83.3096
5986	112.5
5987	121.0237
5988	80.2907
5989	30.8139
5990	15.0917
5991	5.8377
5992	3.236
5993	1.8789
5994	0.0282
5995	0.0
5996	0.0
5997	0.0
5998	0.0
5999	0.0
6000	0.0
6001	0.0
6002	0.0
6003	0.0
6004	0.0
6005	0.0556
6006	0.4729
6007	1.6855
6008	5.0824
6009	17.7967
6010	93.8507
6011	318.1746
6012	413.0199
6013	333.8695
6014	230.1084
6015	106.0109
6016	26.5112
6017	3.0082
6018	0.0056
6019	0.0
6020	0.0
6021	0.0
6022	0.0
6023	0.0
6024	0.0
6025	0.0
6026	0.0
6027	0.0
6028	0.0
6029	1.9625
6030	26.5509
6031	109.427
6032	223.5658
6033	311.005
6034	360.8697
6035	358.6975
6036	276.0335
6037	155.9887
6038	49.4741
6039	15.9722
6040	4.0479
6041	0.6689
6042	0.0018
6043	0.0
6044	0.0
6045	0.0
6046	0.0
6047	0.0
6048	0.0
6049	0.0
6050	0.0
6051	0.0
6052	0.0
6053	0.3835
6054	2.955
6055	6.9911
6056	8.9693
6057	8.891
6058	10.4285
6059	15.9453
6060	24.3361
6061	29.8534
6062	24.8683
6063	10.2039
6064	2.7129
6065	0.2724
6066	0.0002
6067	0.0
6068	0.0
6069	0.0
6070	0.0
6071	0.0
6072	0.0
6073	0.0
6074	0.0
6075	0.0
6076	0.0
6077	2.1595
6078	29.2845
6079	111.3638
6080	216.7273
6081	307.3817
6082	360.0004
6083	379.0504
6084	350.5805
6085	320.4069
6086	254.5904
6087	151.4142
6088	63.9044
6089	9.3271
6090	0.0035
6091	0.0
6092	0.0
6093	0.0
6094	0.0
6095	0.0
6096	0.0
6097	0.0
6098	0.0
6099	0.0
6100	0.0
6101	3.4727
6102	41.8701
6103	118.401
6104	218.781
6105	310.3422
6106	355.8646
6107	334.422
6108	287.5545
6109	282.8992
6110	234.6105
6111	119.1004
6112	41.5317
6113	6.2618
6114	0.0016
6115	0.0
6116	0.0
6117	0.0
6118	0.0
6119	0.0
6120	0.0
6121	0.0
6122	0.0
6123	0.0
6124	0.0
6125	1.0704
6126	10.5742
6127	53.2732
6128	183.9513
6129	318.4229
6130	371.7019
6131	337.2447
6132	203.2314
6133	101.8867
6134	42.4191
6135	12.016
6136	2.0645
6137	0.2527
6138	0.0001
6139	0.0
6140	0.0
6141	0.0
6142	0.0
6143	0.0
6144	0.0
6145	0.0
6146	0.0
6147	0.0
6148	0.0
6149	0.0495
6150	0.3863
6151	1.0747
6152	3.3278
6153	14.1749
6154	37.3257
6155	61.3332
6156	71.1638
6157	78.189
6158	104.0512
6159	81.5786
6160	30.1384
6161	3.1811
6162	0.0001
6163	0.0
6164	0.0
6165	0.0
6166	0.0
6167	0.0
6168	0.0
6169	0.0
6170	0.0
6171	0.0
6172	0.0
6173	2.9183
6174	47.0042
6175	125.4517
6176	205.6646
6177	244.829
6178	272.1428
6179	346.374
6180	277.4149
6181	105.4358
6182	33.914
6183	8.8444
6184	1.6462
6185	0.1401
6186	0.0
6187	0.0
6188	0.0
6189	0.0
6190	0.0
6191	0.0
6192	0.0
6193	0.0
6194	0.0
6195	0.0
6196	0.0
6197	2.6808
6198	54.1253
6199	178.9373
6200	303.5099
6201	375.1135
6202	411.0946
6203	410.1145
6204	364.2758
6205	283.8907
6206	162.6349
6207	66.1082
6208	18.0905
6209	1.3776
6210	0.0
6211	0.0
6212	0.0
6213	0.0
6214	0.0
6215	0.0
6216	0.0
6217	0.0
6218	0.0
6219	0.0
6220	0.0
6221	0.3849
6222	7.4735
6223	27.7931
6224	50.769
6225	123.9864
6226	162.8823
6227	55.0037
6228	24.4114
6229	11.7272
6230	5.4946
6231	3.0876
6232	1.1521
6233	0.1565
6234	0.0
6235	0.0
6236	0.0
6237	0.0
6238	0.0
6239	0.0
6240	0.0
6241	0.0
6242	0.0
6243	0.0
6244	0.0
6245	1.2195
6246	30.7455
6247	115.6271
6248	236.2667
6249	333.9472
6250	373.4719
6251	375.826
6252	353.4943
6253	274.3508
6254	194.7103
6255	107.3561
6256	41.8886
6257	5.1316
6258	0.0
6259	0.0
6260	0.0
6261	0.0
6262	0.0
6263	0.0
6264	0.0
6265	0.0
6266	0.0
6267	0.0
6268	0.0
6269	1.4191
6270	43.5826
6271	136.0299
6272	173.9387
6273	118.8883
6274	38.4364
6275	11.913
6276	25.2691
6277	95.6122
6278	67.9362
6279	15.8623
6280	2.5865
6281	0.189
6282	0.0
6283	0.0
6284	0.0
6285	0.0
6286	0.0
6287	0.0
6288	0.0
6289	0.0
6290	0.0
6291	0.0
6292	0.0
6293	0.3389
6294	7.5595
6295	38.5711
6296	91.6062
6297	182.2633
6298	194.9107
6299	201.1632
6300	245.9939
6301	204.6021
6302	164.124
6303	95.6442
6304	30.2285
6305	2.757
6306	0.0
6307	0.0
6308	0.0
6309	0.0
6310	0.0
6311	0.0
6312	0.0
6313	0.0
6314	0.0
6315	0.0
6316	0.0
6317	0.1962
6318	5.152
6319	32.2416
6320	95.7384
6321	188.2003
6322	237.9731
6323	258.3684
6324	271.6125
6325	269.6815
6326	217.3477
6327	116.3363
6328	27.1863
6329	2.1304
6330	0.0
6331	0.0
6332	0.0
6333	0.0
6334	0.0
6335	0.0
6336	0.0
6337	0.0
6338	0.0
6339	0.0
6340	0.0
6341	0.4115
6342	23.7118
6343	121.4367
6344	267.3139
6345	370.8597
6346	416.7164
6347	375.616
6348	337.6855
6349	330.3642
6350	289.9795
6351	175.3318
6352	63.0197
6353	4.4119
6354	0.0
6355	0.0
6356	0.0
6357	0.0
6358	0.0
6359	0.0
6360	0.0
6361	0.0
6362	0.0
6363	0.0
6364	0.0
6365	0.9969
6366	45.417
6367	158.3772
6368	279.3389
6369	363.4409
6370	430.53
6371	443.4557
6372	427.4553
6373	380.2237
6374	292.813
6375	169.3122
6376	54.465
6377	3.6903
6378	0.0
6379	0.0
6380	0.0
6381	0.0
6382	0.0
6383	0.0
6384	0.0
6385	0.0
6386	0.0
6387	0.0
6388	0.0
6389	0.4205
6390	23.6383
6391	88.7819
6392	157.2281
6393	252.4488
6394	334.8731
6395	369.2484
6396	331.1062
6397	256.7524
6398	158.8631
6399	73.0039
6400	16.5149
6401	1.1325
6402	0.0
6403	0.0
6404	0.0
6405	0.0
6406	0.0
6407	0.0
6408	0.0
6409	0.0
6410	0.0
6411	0.0
6412	0.0
6413	0.0779
6414	4.4708
6415	23.2516
6416	49.5006
6417	56.0016
6418	54.4409
6419	61.833
6420	73.0241
6421	53.1282
6422	33.7493
6423	15.2961
6424	4.7229
6425	0.3646
6426	0.0
6427	0.0
6428	0.0
6429	0.0
6430	0.0
6431	0.0
6432	0.0
6433	0.0
6434	0.0
6435	0.0
6436	0.0
6437	0.1997
6438	22.7386
6439	113.3045
6440	265.2296
6441	392.0824
6442	478.9036
6443	515.7845
6444	504.1102
6445	447.6605
6446	344.5742
6447	208.558
6448	68.264
6449	3.013
6450	0.0
6451	0.0
6452	0.0
6453	0.0
6454	0.0
6455	0.0
6456	0.0
6457	0.0
6458	0.0
6459	0.0
6460	0.0
6461	0.2061
6462	26.2208
6463	146.9184
6464	302.2317
6465	422.117
6466	499.6797
6467	530.3582
6468	511.8859
6469	447.2391
6470	342.2166
6471	206.3717
6472	67.9665
6473	2.8792
6474	0.0
6475	0.0
6476	0.0
6477	0.0
6478	0.0
6479	0.0
6480	0.0
6481	0.0
6482	0.0
6483	0.0
6484	0.0
6485	0.1635
6486	24.4927
6487	107.9629
6488	201.6207
6489	291.6956
6490	380.6991
6491	432.9635
6492	430.2026
6493	394.467
6494	317.8509
6495	194.0743
6496	63.4481
6497	2.2962
6498	0.0
6499	0.0
6500	0.0
6501	0.0
6502	0.0
6503	0.0
6504	0.0
6505	0.0
6506	0.0
6507	0.0
6508	0.0
6509	0.1235
6510	33.6139
6511	157.6922
6512	294.626
6513	407.2162
6514	481.411
6515	510.5407
6516	492.2937
6517	428.8602
6518	325.41
6519	193.5359
6520	60.1891
6521	1.7489
6522	0.0
6523	0.0
6524	0.0
6525	0.0
6526	0.0
6527	0.0
6528	0.0
6529	0.0
6530	0.0
6531	0.0
6532	0.0
6533	0.0636
6534	28.6526
6535	148.942
6536	286.8652
6537	403.4353
6538	480.8284
6539	511.7546
6540	491.9358
6541	427.1308
6542	321.7011
6543	186.7779
6544	54.5809
6545	1.3036
6546	0.0
6547	0.0
6548	0.0
6549	0.0
6550	0.0
6551	0.0
6552	0.0
6553	0.0
6554	0.0
6555	0.0
6556	0.0
6557	0.0352
6558	24.3478
6559	151.9741
6560	293.213
6561	408.8974
6562	485.0924
6563	515.4708
6564	497.6581
6565	433.3915
6566	327.6981
6567	190.8584
6568	54.8944
6569	1.1581
6570	0.0
6571	0.0
6572	0.0
6573	0.0
6574	0.0
6575	0.0
6576	0.0
6577	0.0
6578	0.0
6579	0.0
6580	0.0
6581	0.0156
6582	13.6232
6583	70.7731
6584	142.4666
6585	200.6677
6586	224.4708
6587	200.825
6588	156.9263
6589	121.1151
6590	99.0955
6591	64.3919
6592	19.7535
6593	0.4469
6594	0.0
6595	0.0
6596	0.0
6597	0.0
6598	0.0
6599	0.0
6600	0.0
6601	0.0
6602	0.0
6603	0.0
6604	0.0
6605	0.0073
6606	9.5067
6607	62.4013
6608	144.5721
6609	262.1266
6610	395.5834
6611	453.062
6612	433.992
6613	362.3538
6614	249.0514
6615	107.5087
6616	17.2429
6617	0.2706
6618	0.0
6619	0.0
6620	0.0
6621	0.0
6622	0.0
6623	0.0
6624	0.0
6625	0.0
6626	0.0
6627	0.0
6628	0.0
6629	0.0002
6630	0.3113
6631	2.9848
6632	39.0965
6633	114.6616
6634	188.142
6635	257.5992
6636	284.2299
6637	251.7167
6638	157.7407
6639	40.0272
6640	6.9784
6641	0.1109
6642	0.0
6643	0.0
6644	0.0
6645	0.0
6646	0.0
6647	0.0
6648	0.0
6649	0.0
6650	0.0
6651	0.0
6652	0.0
6653	0.0001
6654	1.3146
6655	9.9832
6656	31.8039
6657	71.384
6658	115.2057
6659	161.6135
6660	187.721
6661	152.7879
6662	87.8626
6663	42.5039
6664	9.3313
6665	0.1265
6666	0.0
6667	0.0
6668	0.0
6669	0.0
6670	0.0
6671	0.0
6672	0.0
6673	0.0
6674	0.0
6675	0.0
6676	0.0
6677	0.0001
6678	13.1174
6679	96.035
6680	202.9276
6681	284.9124
6682	339.923
6683	367.5879
6684	347.7718
6685	294.3497
6686	199.5185
6687	97.9476
6688	19.6817
6689	0.142
6690	0.0
6691	0.0
6692	0.0
6693	0.0
6694	0.0
6695	0.0
6696	0.0
6697	0.0
6698	0.0
6699	0.0
6700	0.0
6701	0.0
6702	6.3399
6703	66.9718
6704	187.7941
6705	290.2934
6706	371.5601
6707	405.5094
6708	381.393
6709	321.6155
6710	224.9481
6711	109.526
6712	19.1759
6713	0.0846
6714	0.0
6715	0.0
6716	0.0
6717	0.0
6718	0.0
6719	0.0
6720	0.0
6721	0.0
6722	0.0
6723	0.0
6724	0.0
6725	0.0
6726	5.2204
6727	36.6519
6728	89.0816
6729	146.9354
6730	164.7436
6731	204.9962
6732	212.7971
6733	149.3178
6734	77.7504
6735	34.1775
6736	7.0151
6737	0.0313
6738	0.0
6739	0.0
6740	0.0
6741	0.0
6742	0.0
6743	0.0
6744	0.0
6745	0.0
6746	0.0
6747	0.0
6748	0.0
6749	0.0
6750	0.8161
6751	5.7436
6752	18.4633
6753	39.5786
6754	44.4291
6755	29.6151
6756	71.06
6757	135.6241
6758	96.6703
6759	25.5455
6760	2.6937
6761	0.0075
6762	0.0
6763	0.0
6764	0.0
6765	0.0
6766	0.0
6767	0.0
6768	0.0
6769	0.0
6770	0.0
6771	0.0
6772	0.0
6773	0.0
6774	0.6825
6775	5.6455
6776	13.0212
6777	16.4059
6778	20.1322
6779	18.54
6780	13.3774
6781	7.4729
6782	4.5528
6783	1.5993
6784	0.3353
6785	0.0006
6786	0.0
6787	0.0
6788	0.0
6789	0.0
6790	0.0
6791	0.0
6792	0.0
6793	0.0
6794	0.0
6795	0.0
6796	0.0
6797	0.0
6798	0.1793
6799	0.8033
6800	0.9671
6801	1.5675
6802	2.748
6803	2.7873
6804	2.7201
6805	2.0332
6806	1.0387
6807	0.3423
6808	0.0624
6809	0.0
6810	0.0
6811	0.0
6812	0.0
6813	0.0
6814	0.0
6815	0.0
6816	0.0
6817	0.0
6818	0.0
6819	0.0
6820	0.0
6821	0.0
6822	0.5598
6823	6.0296
6824	17.4968
6825	18.8827
6826	17.3894
6827	18.4448
6828	28.2528
6829	85.6826
6830	137.4481
6831	52.8548
6832	3.1722
6833	0.0016
6834	0.0
6835	0.0
6836	0.0
6837	0.0
6838	0.0
6839	0.0
6840	0.0
6841	0.0
6842	0.0
6843	0.0
6844	0.0
6845	0.0
6846	0.1028
6847	1.0381
6848	3.0181
6849	5.7605
6850	6.4472
6851	7.7883
6852	6.7996
6853	3.9137
6854	1.7502
6855	0.5046
6856	0.071
6857	0.0
6858	0.0
6859	0.0
6860	0.0
6861	0.0
6862	0.0
6863	0.0
6864	0.0
6865	0.0
6866	0.0
6867	0.0
6868	0.0
6869	0.0
6870	0.1423
6871	1.8655
6872	6.7505
6873	17.1852
6874	21.2062
6875	17.6782
6876	11.7259
6877	5.8704
6878	2.6936
6879	1.464
6880	0.2799
6881	0.0
6882	0.0
6883	0.0
6884	0.0
6885	0.0
6886	0.0
6887	0.0
6888	0.0
6889	0.0
6890	0.0
6891	0.0
6892	0.0
6893	0.0
6894	0.1586
6895	2.561
6896	12.1466
6897	42.8022
6898	68.4651
6899	56.789
6900	36.472
6901	17.6775
6902	8.2934
6903	3.6537
6904	0.8064
6905	0.0
6906	0.0
6907	0.0
6908	0.0
6909	0.0
6910	0.0
6911	0.0
6912	0.0
6913	0.0
6914	0.0
6915	0.0
6916	0.0
6917	0.0
6918	0.5208
6919	8.2443
6920	28.5945
6921	65.9908
6922	117.522
6923	74.3033
6924	20.4762
6925	5.8205
6926	2.9272
6927	1.8179
6928	0.4227
6929	0.0
6930	0.0
6931	0.0
6932	0.0
6933	0.0
6934	0.0
6935	0.0
6936	0.0
6937	0.0
6938	0.0
6939	0.0
6940	0.0
6941	0.0
6942	1.8106
6943	28.5073
6944	84.3788
6945	176.6025
6946	274.7687
6947	328.4402
6948	313.857
6949	261.5719
6950	177.3647
6951	70.0681
6952	7.9107
6953	0.0
6954	0.0
6955	0.0
6956	0.0
6957	0.0
6958	0.0
6959	0.0
6960	0.0
6961	0.0
6962	0.0
6963	0.0
6964	0.0
6965	0.0
6966	1.9884
6967	45.0919
6968	143.8077
6969	248.3962
6970	312.0727
6971	323.5495
6972	289.8482
6973	197.0958
6974	73.2853
6975	14.1511
6976	1.4
6977	0.0
6978	0.0
6979	0.0
6980	0.0
6981	0.0
6982	0.0
6983	0.0
6984	0.0
6985	0.0
6986	0.0
6987	0.0
6988	0.0
6989	0.0
6990	0.1553
6991	1.9344
6992	7.0741
6993	16.1197
6994	25.8828
6995	30.8282
6996	24.1605
6997	11.0472
6998	4.6029
6999	1.467
7000	0.13
7001	0.0
7002	0.0
7003	0.0
7004	0.0
7005	0.0
7006	0.0
7007	0.0
7008	0.0
7009	0.0
7010	0.0
7011	0.0
7012	0.0
7013	0.0
7014	0.8123
7015	22.3704
7016	32.5311
7017	31.2938
7018	51.5419
7019	24.7521
7020	9.6511
7021	10.9869
7022	9.9855
7023	4.6689
7024	0.3928
7025	0.0
7026	0.0
7027	0.0
7028	0.0
7029	0.0
7030	0.0
7031	0.0
7032	0.0
7033	0.0
7034	0.0
7035	0.0
7036	0.0
7037	0.0
7038	0.2704
7039	10.3317
7040	57.3155
7041	108.8262
7042	94.5519
7043	66.094
7044	55.4009
7045	64.3572
7046	56.3881
7047	26.7185
7048	2.6232
7049	0.0
7050	0.0
7051	0.0
7052	0.0
7053	0.0
7054	0.0
7055	0.0
7056	0.0
7057	0.0
7058	0.0
7059	0.0
7060	0.0
7061	0.0
7062	0.7285
7063	27.5177
7064	117.7318
7065	222.0233
7066	264.8349
7067	227.4581
7068	208.9228
7069	168.864
7070	91.2011
7071	15.1493
7072	0.5573
7073	0.0
7074	0.0
7075	0.0
7076	0.0
7077	0.0
7078	0.0
7079	0.0
7080	0.0
7081	0.0
7082	0.0
7083	0.0
7084	0.0
7085	0.0
7086	0.1438
7087	16.639
7088	78.9937
7089	117.7032
7090	210.6021
7091	275.2319
7092	244.4171
7093	187.1722
7094	107.7842
7095	43.0555
7096	3.006
7097	0.0
7098	0.0
7099	0.0
7100	0.0
7101	0.0
7102	0.0
7103	0.0
7104	0.0
7105	0.0
7106	0.0
7107	0.0
7108	0.0
7109	0.0
7110	0.6707
7111	40.6071
7112	146.8844
7113	254.578
7114	322.2217
7115	349.3151
7116	331.8786
7117	269.4809
7118	170.5852
7119	59.039
7120	3.2839
7121	0.0
7122	0.0
7123	0.0
7124	0.0
7125	0.0
7126	0.0
7127	0.0
7128	0.0
7129	0.0
7130	0.0
7131	0.0
7132	0.0
7133	0.0
7134	0.0159
7135	0.4463
7136	1.098
7137	1.6043
7138	3.9497
7139	17.5334
7140	44.0031
7141	65.3037
7142	47.5412
7143	8.3171
7144	0.2272
7145	0.0
7146	0.0
7147	0.0
7148	0.0
7149	0.0
7150	0.0
7151	0.0
7152	0.0
7153	0.0
7154	0.0
7155	0.0
7156	0.0
7157	0.0
7158	0.2609
7159	30.3388
7160	119.2522
7161	191.6453
7162	246.254
7163	305.0451
7164	291.0502
7165	230.6098
7166	138.5466
7167	43.6041
7168	2.1613
7169	0.0
7170	0.0
7171	0.0
7172	0.0
7173	0.0
7174	0.0
7175	0.0
7176	0.0
7177	0.0
7178	0.0
7179	0.0
7180	0.0
7181	0.0
7182	0.0342
7183	1.4072
7184	4.6447
7185	12.2502
7186	20.9146
7187	31.7867
7188	39.7026
7189	62.8333
7190	65.4582
7191	26.0943
7192	0.9233
7193	0.0
7194	0.0
7195	0.0
7196	0.0
7197	0.0
7198	0.0
7199	0.0
7200	0.0
7201	0.0
7202	0.0
7203	0.0
7204	0.0
7205	0.0
7206	0.0131
7207	1.1136
7208	7.5615
7209	45.1313
7210	137.9072
7211	197.4158
7212	224.523
7213	174.9184
7214	82.3233
7215	15.9205
7216	0.4198
7217	0.0
7218	0.0
7219	0.0
7220	0.0
7221	0.0
7222	0.0
7223	0.0
7224	0.0
7225	0.0
7226	0.0
7227	0.0
7228	0.0
7229	0.0
7230	0.0154
7231	2.4224
7232	13.7318
7233	36.5154
7234	88.917
7235	148.6054
7236	144.5008
7237	110.7095
7238	39.8475
7239	3.7869
7240	0.0762
7241	0.0
7242	0.0
7243	0.0
7244	0.0
7245	0.0
7246	0.0
7247	0.0
7248	0.0
7249	0.0
7250	0.0
7251	0.0
7252	0.0
7253	0.0
7254	0.0151
7255	6.043
7256	45.7168
7257	145.6333
7258	233.0511
7259	267.1075
7260	276.9905
7261	219.4729
7262	136.0552
7263	41.568
7264	1.2446
7265	0.0
7266	0.0
7267	0.0
7268	0.0
7269	0.0
7270	0.0
7271	0.0
7272	0.0
7273	0.0
7274	0.0
7275	0.0
7276	0.0
7277	0.0
7278	0.0148
7279	3.1054
7280	17.3512
7281	35.2326
7282	62.3116
7283	85.8758
7284	74.5255
7285	28.3602
7286	4.4376
7287	0.4823
7288	0.0133
7289	0.0
7290	0.0
7291	0.0
7292	0.0
7293	0.0
7294	0.0
7295	0.0
7296	0.0
7297	0.0
7298	0.0
7299	0.0
7300	0.0
7301	0.0
7302	0.0013
7303	0.7342
7304	3.0915
7305	5.2497
7306	8.9626
7307	21.3928
7308	46.1832
7309	28.8738
7310	7.5519
7311	1.4971
7312	0.0326
7313	0.0
7314	0.0
7315	0.0
7316	0.0
7317	0.0
7318	0.0
7319	0.0
7320	0.0
7321	0.0
7322	0.0
7323	0.0
7324	0.0
7325	0.0
7326	0.0002
7327	0.8749
7328	7.7089
7329	19.6055
7330	22.8473
7331	15.1464
7332	11.1798
7333	8.6975
7334	6.6973
7335	3.009
7336	0.0956
7337	0.0
7338	0.0
7339	0.0
7340	0.0
7341	0.0
7342	0.0
7343	0.0
7344	0.0
7345	0.0
7346	0.0
7347	0.0
7348	0.0
7349	0.0
7350	0.0007
7351	4.7392
7352	51.1198
7353	134.0672
7354	176.1202
7355	157.9776
7356	81.8572
7357	23.4425
7358	8.5241
7359	3.4162
7360	0.0547
7361	0.0
7362	0.0
7363	0.0
7364	0.0
7365	0.0
7366	0.0
7367	0.0
7368	0.0
7369	0.0
7370	0.0
7371	0.0
7372	0.0
7373	0.0
7374	0.0
7375	0.3349
7376	1.8941
7377	4.4102
7378	11.1745
7379	22.3761
7380	57.7807
7381	87.7573
7382	73.7792
7383	20.7443
7384	0.1748
7385	0.0
7386	0.0
7387	0.0
7388	0.0
7389	0.0
7390	0.0
7391	0.0
7392	0.0
7393	0.0
7394	0.0
7395	0.0
7396	0.0
7397	0.0
7398	0.0001
7399	2.4706
7400	12.9057
7401	37.5654
7402	27.8044
7403	14.2468
7404	5.6339
7405	1.9405
7406	0.6397
7407	0.1527
7408	0.0019
7409	0.0
7410	0.0
7411	0.0
7412	0.0
7413	0.0
7414	0.0
7415	0.0
7416	0.0
7417	0.0
7418	0.0
7419	0.0
7420	0.0
7421	0.0
7422	0.0
7423	0.899
7424	13.0801
7425	47.4178
7426	76.8294
7427	85.8146
7428	58.0297
7429	26.3467
7430	9.695
7431	1.3238
7432	0.0048
7433	0.0
7434	0.0
7435	0.0
7436	0.0
7437	0.0
7438	0.0
7439	0.0
7440	0.0
7441	0.0
7442	0.0
7443	0.0
7444	0.0
7445	0.0
7446	0.0
7447	0.3199
7448	2.041
7449	5.1058
7450	7.8987
7451	11.0536
7452	6.4683
7453	3.1327
7454	1.571
7455	0.3615
7456	0.0036
7457	0.0
7458	0.0
7459	0.0
7460	0.0
7461	0.0
7462	0.0
7463	0.0
7464	0.0
7465	0.0
7466	0.0
7467	0.0
7468	0.0
7469	0.0
7470	0.0
7471	4.0923
7472	28.1104
7473	50.9284
7474	21.2859
7475	11.3555
7476	9.8088
7477	9.1947
7478	1.812
7479	0.3534
7480	0.0046
7481	0.0
7482	0.0
7483	0.0
7484	0.0
7485	0.0
7486	0.0
7487	0.0
7488	0.0
7489	0.0
7490	0.0
7491	0.0
7492	0.0
7493	0.0
7494	0.0
7495	3.8332
7496	51.9761
7497	134.9395
7498	184.8321
7499	193.5409
7500	135.5536
7501	55.6578
7502	12.436
7503	1.2558
7504	0.0024
7505	0.0
7506	0.0
7507	0.0
7508	0.0
7509	0.0
7510	0.0
7511	0.0
7512	0.0
7513	0.0
7514	0.0
7515	0.0
7516	0.0
7517	0.0
7518	0.0
7519	0.2261
7520	4.2056
7521	20.0681
7522	38.7706
7523	45.5373
7524	48.8857
7525	41.4124
7526	19.9534
7527	3.6736
7528	0.009
7529	0.0
7530	0.0
7531	0.0
7532	0.0
7533	0.0
7534	0.0
7535	0.0
7536	0.0
7537	0.0
7538	0.0
7539	0.0
7540	0.0
7541	0.0
7542	0.0
7543	0.3838
7544	1.9258
7545	6.0857
7546	16.8001
7547	18.6209
7548	14.5489
7549	16.4071
7550	12.2147
7551	2.0468
7552	0.0016
7553	0.0
7554	0.0
7555	0.0
7556	0.0
7557	0.0
7558	0.0
7559	0.0
7560	0.0
7561	0.0
7562	0.0
7563	0.0
7564	0.0
7565	0.0
7566	0.0
7567	0.0454
7568	0.3821
7569	1.1463
7570	2.5406
7571	3.0735
7572	2.5739
7573	1.8958
7574	1.7206
7575	0.7319
7576	0.0012
7577	0.0
7578	0.0
7579	0.0
7580	0.0
7581	0.0
7582	0.0
7583	0.0
7584	0.0
7585	0.0
7586	0.0
7587	0.0
7588	0.0
7589	0.0
7590	0.0
7591	4.2422
7592	51.5592
7593	131.6024
7594	202.6125
7595	234.9304
7596	211.0127
7597	139.9843
7598	53.5706
7599	6.3784
7600	0.0038
7601	0.0
7602	0.0
7603	0.0
7604	0.0
7605	0.0
7606	0.0
7607	0.0
7608	0.0
7609	0.0
7610	0.0
7611	0.0
7612	0.0
7613	0.0
7614	0.0
7615	0.0562
7616	0.3085
7617	0.7428
7618	1.1905
7619	2.1823
7620	2.5037
7621	3.0595
7622	1.7111
7623	0.3212
7624	0.0001
7625	0.0
7626	0.0
7627	0.0
7628	0.0
7629	0.0
7630	0.0
7631	0.0
7632	0.0
7633	0.0
7634	0.0
7635	0.0
7636	0.0
7637	0.0
7638	0.0
7639	0.7489
7640	12.5594
7641	40.8448
7642	77.035
7643	98.4317
7644	103.5304
7645	81.186
7646	41.5367
7647	5.4916
7648	0.0005
7649	0.0
7650	0.0
7651	0.0
7652	0.0
7653	0.0
7654	0.0
7655	0.0
7656	0.0
7657	0.0
7658	0.0
7659	0.0
7660	0.0
7661	0.0
7662	0.0
7663	0.2505
7664	3.1056
7665	9.8002
7666	18.1291
7667	26.8238
7668	32.0616
7669	29.5907
7670	15.1622
7671	2.0708
7672	0.0001
7673	0.0
7674	0.0
7675	0.0
7676	0.0
7677	0.0
7678	0.0
7679	0.0
7680	0.0
7681	0.0
7682	0.0
7683	0.0
7684	0.0
7685	0.0
7686	0.0
7687	0.0387
7688	0.2871
7689	0.6307
7690	1.062
7691	1.2734
7692	0.9986
7693	0.5847
7694	0.2642
7695	0.0558
7696	0.0
7697	0.0
7698	0.0
7699	0.0
7700	0.0
7701	0.0
7702	0.0
7703	0.0
7704	0.0
7705	0.0
7706	0.0
7707	0.0
7708	0.0
7709	0.0
7710	0.0
7711	0.1391
7712	1.4904
7713	4.1184
7714	7.5963
7715	13.6491
7716	12.6406
7717	7.6428
7718	2.5098
7719	0.35
7720	0.0
7721	0.0
7722	0.0
7723	0.0
7724	0.0
7725	0.0
7726	0.0
7727	0.0
7728	0.0
7729	0.0
7730	0.0
7731	0.0
7732	0.0
7733	0.0
7734	0.0
7735	0.0586
7736	1.492
7737	8.0143
7738	21.3466
7739	38.1643
7740	40.5547
7741	19.9562
7742	5.8938
7743	0.7174
7744	0.0
7745	0.0
7746	0.0
7747	0.0
7748	0.0
7749	0.0
7750	0.0
7751	0.0
7752	0.0
7753	0.0
7754	0.0
7755	0.0
7756	0.0
7757	0.0
7758	0.0
7759	0.8463
7760	21.0769
7761	50.4262
7762	54.7331
7763	25.8169
7764	13.7084
7765	3.7317
7766	0.9305
7767	0.0835
7768	0.0
7769	0.0
7770	0.0
7771	0.0
7772	0.0
7773	0.0
7774	0.0
7775	0.0
7776	0.0
7777	0.0
7778	0.0
7779	0.0
7780	0.0
7781	0.0
7782	0.0
7783	0.2487
7784	4.6908
7785	31.1763
7786	77.183
7787	143.1626
7788	163.2073
7789	127.5359
7790	55.7878
7791	5.932
7792	0.0
7793	0.0
7794	0.0
7795	0.0
7796	0.0
7797	0.0
7798	0.0
7799	0.0
7800	0.0
7801	0.0
7802	0.0
7803	0.0
7804	0.0
7805	0.0
7806	0.0
7807	0.0716
7808	1.6117
7809	5.9835
7810	18.3048
7811	37.3031
7812	44.6827
7813	25.3674
7814	7.4618
7815	0.9138
7816	0.0
7817	0.0
7818	0.0
7819	0.0
7820	0.0
7821	0.0
7822	0.0
7823	0.0
7824	0.0
7825	0.0
7826	0.0
7827	0.0
7828	0.0
7829	0.0
7830	0.0
7831	0.2276
7832	5.8475
7833	34.7423
7834	78.3882
7835	116.8736
7836	113.8617
7837	75.0274
7838	23.2852
7839	2.0546
7840	0.0
7841	0.0
7842	0.0
7843	0.0
7844	0.0
7845	0.0
7846	0.0
7847	0.0
7848	0.0
7849	0.0
7850	0.0
7851	0.0
7852	0.0
7853	0.0
7854	0.0
7855	0.0802
7856	1.5369
7857	5.4448
7858	18.0375
7859	49.8783
7860	74.7836
7861	53.0697
7862	19.82
7863	1.5177
7864	0.0
7865	0.0
7866	0.0
7867	0.0
7868	0.0
7869	0.0
7870	0.0
7871	0.0
7872	0.0
7873	0.0
7874	0.0
7875	0.0
7876	0.0
7877	0.0
7878	0.0
7879	0.1529
7880	4.6919
7881	18.666
7882	31.9078
7883	37.4202
7884	33.2607
7885	23.2076
7886	8.5557
7887	0.7915
7888	0.0
7889	0.0
7890	0.0
7891	0.0
7892	0.0
7893	0.0
7894	0.0
7895	0.0
7896	0.0
7897	0.0
7898	0.0
7899	0.0
7900	0.0
7901	0.0
7902	0.0
7903	0.1604
7904	6.5409
7905	25.7539
7906	40.3134
7907	61.3522
7908	54.3518
7909	35.1169
7910	9.2398
7911	0.669
7912	0.0
7913	0.0
7914	0.0
7915	0.0
7916	0.0
7917	0.0
7918	0.0
7919	0.0
7920	0.0
7921	0.0
7922	0.0
7923	0.0
7924	0.0
7925	0.0
7926	0.0
7927	0.0167
7928	0.4121
7929	1.3337
7930	2.1252
7931	1.5675
7932	0.9249
7933	0.5507
7934	0.1945
7935	0.0165
7936	0.0
7937	0.0
7938	0.0
7939	0.0
7940	0.0
7941	0.0
7942	0.0
7943	0.0
7944	0.0
7945	0.0
7946	0.0
7947	0.0
7948	0.0
7949	0.0
7950	0.0
7951	0.0148
7952	0.649
7953	2.335
7954	5.7286
7955	13.7345
7956	25.8965
7957	27.7055
7958	15.7646
7959	1.104
7960	0.0
7961	0.0
7962	0.0
7963	0.0
7964	0.0
7965	0.0
7966	0.0
7967	0.0
7968	0.0
7969	0.0
7970	0.0
7971	0.0
7972	0.0
7973	0.0
7974	0.0
7975	0.0059
7976	0.1207
7977	0.6067
7978	1.4792
7979	3.2254
7980	3.7826
7981	1.3821
7982	0.3669
7983	0.0955
7984	0.0
7985	0.0
7986	0.0
7987	0.0
7988	0.0
7989	0.0
7990	0.0
7991	0.0
7992	0.0
7993	0.0
7994	0.0
7995	0.0
7996	0.0
7997	0.0
7998	0.0
7999	0.0882
8000	5.8553
8001	20.5223
8002	33.3987
8003	39.4193
8004	41.4108
8005	24.0764
8006	7.2336
8007	0.4412
8008	0.0
8009	0.0
8010	0.0
8011	0.0
8012	0.0
8013	0.0
8014	0.0
8015	0.0
8016	0.0
8017	0.0
8018	0.0
8019	0.0
8020	0.0
8021	0.0
8022	0.0
8023	0.1292
8024	12.6601
8025	46.3127
8026	67.0994
8027	54.1805
8028	29.5859
8029	11.2234
8030	2.4429
8031	0.1712
8032	0.0
8033	0.0
8034	0.0
8035	0.0
8036	0.0
8037	0.0
8038	0.0
8039	0.0
8040	0.0
8041	0.0
8042	0.0
8043	0.0
8044	0.0
8045	0.0
8046	0.0
8047	0.0525
8048	4.2243
8049	24.7884
8050	78.5106
8051	141.385
8052	148.476
8053	102.6257
8054	38.1507
8055	2.1233
8056	0.0
8057	0.0
8058	0.0
8059	0.0
8060	0.0
8061	0.0
8062	0.0
8063	0.0
8064	0.0
8065	0.0
8066	0.0
8067	0.0
8068	0.0
8069	0.0
8070	0.0
8071	0.0663
8072	2.9708
8073	12.9957
8074	38.463
8075	76.997
8076	94.3816
8077	65.6689
8078	21.7744
8079	1.2444
8080	0.0
8081	0.0
8082	0.0
8083	0.0
8084	0.0
8085	0.0
8086	0.0
8087	0.0
8088	0.0
8089	0.0
8090	0.0
8091	0.0
8092	0.0
8093	0.0
8094	0.0
8095	0.0102
8096	0.6936
8097	2.3959
8098	2.0681
8099	1.1404
8100	0.8293
8101	1.0757
8102	1.102
8103	0.2017
8104	0.0
8105	0.0
8106	0.0
8107	0.0
8108	0.0
8109	0.0
8110	0.0
8111	0.0
8112	0.0
8113	0.0
8114	0.0
8115	0.0
8116	0.0
8117	0.0
8118	0.0
8119	0.0149
8120	0.3004
8121	0.5006
8122	0.7946
8123	0.6837
8124	0.4044
8125	0.2016
8126	0.0784
8127	0.0114
8128	0.0
8129	0.0
8130	0.0
8131	0.0
8132	0.0
8133	0.0
8134	0.0
8135	0.0
8136	0.0
8137	0.0
8138	0.0
8139	0.0
8140	0.0
8141	0.0
8142	0.0
8143	0.0318
8144	3.6895
8145	17.5579
8146	28.3356
8147	28.8747
8148	25.4077
8149	17.2376
8150	3.8553
8151	0.1963
8152	0.0
8153	0.0
8154	0.0
8155	0.0
8156	0.0
8157	0.0
8158	0.0
8159	0.0
8160	0.0
8161	0.0
8162	0.0
8163	0.0
8164	0.0
8165	0.0
8166	0.0
8167	0.009
8168	0.7477
8169	2.4278
8170	3.5038
8171	5.5853
8172	6.8951
8173	6.4636
8174	3.1509
8175	0.1715
8176	0.0
8177	0.0
8178	0.0
8179	0.0
8180	0.0
8181	0.0
8182	0.0
8183	0.0
8184	0.0
8185	0.0
8186	0.0
8187	0.0
8188	0.0
8189	0.0
8190	0.0
8191	0.0018
8192	0.1756
8193	0.5175
8194	1.1489
8195	3.5802
8196	5.563
8197	2.6525
8198	0.851
8199	0.1049
8200	0.0
8201	0.0
8202	0.0
8203	0.0
8204	0.0
8205	0.0
8206	0.0
8207	0.0
8208	0.0
8209	0.0
8210	0.0
8211	0.0
8212	0.0
8213	0.0
8214	0.0
8215	0.0151
8216	2.1843
8217	10.6793
8218	23.6698
8219	37.0816
8220	40.3942
8221	23.6303
8222	7.6327
8223	0.4009
8224	0.0
8225	0.0
8226	0.0
8227	0.0
8228	0.0
8229	0.0
8230	0.0
8231	0.0
8232	0.0
8233	0.0
8234	0.0
8235	0.0
8236	0.0
8237	0.0
8238	0.0
8239	0.0284
8240	7.0286
8241	49.5358
8242	105.2131
8243	143.7699
8244	133.6471
8245	82.3608
8246	23.1365
8247	1.0409
8248	0.0
8249	0.0
8250	0.0
8251	0.0
8252	0.0
8253	0.0
8254	0.0
8255	0.0
8256	0.0
8257	0.0
8258	0.0
8259	0.0
8260	0.0
8261	0.0
8262	0.0
8263	0.0184
8264	4.17
8265	36.9175
8266	112.8636
8267	163.3439
8268	165.1734
8269	113.9767
8270	40.0264
8271	1.4945
8272	0.0
8273	0.0
8274	0.0
8275	0.0
8276	0.0
8277	0.0
8278	0.0
8279	0.0
8280	0.0
8281	0.0
8282	0.0
8283	0.0
8284	0.0
8285	0.0
8286	0.0
8287	0.013
8288	2.1917
8289	17.2527
8290	54.8758
8291	95.5283
8292	87.5437
8293	47.048
8294	10.4932
8295	0.3483
8296	0.0
8297	0.0
8298	0.0
8299	0.0
8300	0.0
8301	0.0
8302	0.0
8303	0.0
8304	0.0
8305	0.0
8306	0.0
8307	0.0
8308	0.0
8309	0.0
8310	0.0
8311	0.0068
8312	1.1205
8313	6.5126
8314	18.5696
8315	33.1518
8316	42.4216
8317	36.123
8318	11.2043
8319	0.4337
8320	0.0
8321	0.0
8322	0.0
8323	0.0
8324	0.0
8325	0.0
8326	0.0
8327	0.0
8328	0.0
8329	0.0
8330	0.0
8331	0.0
8332	0.0
8333	0.0
8334	0.0
8335	0.0037
8336	2.0541
8337	13.5836
8338	36.9843
8339	64.8899
8340	71.7769
8341	54.9428
8342	18.9858
8343	0.5631
8344	0.0
8345	0.0
8346	0.0
8347	0.0
8348	0.0
8349	0.0
8350	0.0
8351	0.0
8352	0.0
8353	0.0
8354	0.0
8355	0.0
8356	0.0
8357	0.0
8358	0.0
8359	0.0015
8360	1.6532
8361	14.2566
8362	25.3336
8363	24.1935
8364	14.752
8365	6.2579
8366	1.6153
8367	0.0594
8368	0.0
8369	0.0
8370	0.0
8371	0.0
8372	0.0
8373	0.0
8374	0.0
8375	0.0
8376	0.0
8377	0.0
8378	0.0
8379	0.0
8380	0.0
8381	0.0
8382	0.0
8383	0.0212
8384	6.3428
8385	33.0164
8386	61.0602
8387	71.5545
8388	61.9368
8389	40.7968
8390	12.6881
8391	0.3636
8392	0.0
8393	0.0
8394	0.0
8395	0.0
8396	0.0
8397	0.0
8398	0.0
8399	0.0
8400	0.0
8401	0.0
8402	0.0
8403	0.0
8404	0.0
8405	0.0
8406	0.0
8407	0.0038
8408	0.1652
8409	0.4376
8410	1.067
8411	1.8875
8412	1.9671
8413	1.2483
8414	0.3729
8415	0.0163
8416	0.0
8417	0.0
8418	0.0
8419	0.0
8420	0.0
8421	0.0
8422	0.0
8423	0.0
8424	0.0
8425	0.0
8426	0.0
8427	0.0
8428	0.0
8429	0.0
8430	0.0
8431	0.0016
8432	0.2565
8433	0.8574
8434	1.8666
8435	4.3166
8436	9.9719
8437	19.8894
8438	11.7721
8439	0.5016
8440	0.0
8441	0.0
8442	0.0
8443	0.0
8444	0.0
8445	0.0
8446	0.0
8447	0.0
8448	0.0
8449	0.0
8450	0.0
8451	0.0
8452	0.0
8453	0.0
8454	0.0
8455	0.0025
8456	1.3648
8457	10.613
8458	30.0751
8459	48.1737
8460	51.8628
8461	37.386
8462	13.0154
8463	0.3645
8464	0.0
8465	0.0
8466	0.0
8467	0.0
8468	0.0
8469	0.0
8470	0.0
8471	0.0
8472	0.0
8473	0.0
8474	0.0
8475	0.0
8476	0.0
8477	0.0
8478	0.0
8479	0.0016
8480	3.0463
8481	26.7623
8482	83.6887
8483	117.1028
8484	116.1036
8485	70.996
8486	19.2208
8487	0.4598
8488	0.0
8489	0.0
8490	0.0
8491	0.0
8492	0.0
8493	0.0
8494	0.0
8495	0.0
8496	0.0
8497	0.0
8498	0.0
8499	0.0
8500	0.0
8501	0.0
8502	0.0
8503	0.0008
8504	0.1499
8505	0.7879
8506	3.1671
8507	5.2535
8508	1.8602
8509	0.5246
8510	0.1751
8511	0.0077
8512	0.0
8513	0.0
8514	0.0
8515	0.0
8516	0.0
8517	0.0
8518	0.0
8519	0.0
8520	0.0
8521	0.0
8522	0.0
8523	0.0
8524	0.0
8525	0.0
8526	0.0
8527	0.0013
8528	0.4026
8529	1.3923
8530	2.0999
8531	2.0784
8532	1.51
8533	0.7096
8534	0.2237
8535	0.0135
8536	0.0
8537	0.0
8538	0.0
8539	0.0
8540	0.0
8541	0.0
8542	0.0
8543	0.0
8544	0.0
8545	0.0
8546	0.0
8547	0.0
8548	0.0
8549	0.0
8550	0.0
8551	0.001
8552	0.1334
8553	0.4159
8554	1.2332
8555	2.9898
8556	2.9183
8557	1.0692
8558	0.2395
8559	0.0111
8560	0.0
8561	0.0
8562	0.0
8563	0.0
8564	0.0
8565	0.0
8566	0.0
8567	0.0
8568	0.0
8569	0.0
8570	0.0
8571	0.0
8572	0.0
8573	0.0
8574	0.0
8575	0.0021
8576	0.1949
8577	0.3061
8578	0.7831
8579	1.5724
8580	1.0212
8581	0.4865
8582	0.1417
8583	0.0048
8584	0.0
8585	0.0
8586	0.0
8587	0.0
8588	0.0
8589	0.0
8590	0.0
8591	0.0
8592	0.0
8593	0.0
8594	0.0
8595	0.0
8596	0.0
8597	0.0
8598	0.0
8599	0.0012
8600	1.1381
8601	8.493
8602	23.0784
8603	43.9416
8604	45.3093
8605	29.3979
8606	8.504
8607	0.284
8608	0.0
8609	0.0
8610	0.0
8611	0.0
8612	0.0
8613	0.0
8614	0.0
8615	0.0
8616	0.0
8617	0.0
8618	0.0
8619	0.0
8620	0.0
8621	0.0
8622	0.0
8623	0.0016
8624	0.3096
8625	1.1733
8626	1.4241
8627	1.611
8628	1.4187
8629	0.9616
8630	0.4219
8631	0.0292
8632	0.0
8633	0.0
8634	0.0
8635	0.0
8636	0.0
8637	0.0
8638	0.0
8639	0.0
8640	0.0
8641	0.0
8642	0.0
8643	0.0
8644	0.0
8645	0.0
8646	0.0
8647	0.0052
8648	0.4853
8649	1.1572
8650	2.2256
8651	2.1956
8652	1.416
8653	0.7706
8654	0.2305
8655	0.0106
8656	0.0
8657	0.0
8658	0.0
8659	0.0
8660	0.0
8661	0.0
8662	0.0
8663	0.0
8664	0.0
8665	0.0
8666	0.0
8667	0.0
8668	0.0
8669	0.0
8670	0.0
8671	0.0019
8672	0.5059
8673	1.5706
8674	3.769
8675	8.821
8676	17.3346
8677	18.2726
8678	4.5096
8679	0.0812
8680	0.0
8681	0.0
8682	0.0
8683	0.0
8684	0.0
8685	0.0
8686	0.0
8687	0.0
8688	0.0
8689	0.0
8690	0.0
8691	0.0
8692	0.0
8693	0.0
8694	0.0
8695	0.0019
8696	2.5327
8697	21.1803
8698	52.8969
8699	68.628
8700	55.5889
8701	34.1051
8702	13.2547
8703	0.474
8704	0.0
8705	0.0
8706	0.0
8707	0.0
8708	0.0
8709	0.0
8710	0.0
8711	0.0
8712	0.0
8713	0.0
8714	0.0
8715	0.0
8716	0.0
8717	0.0
8718	0.0
8719	0.0015
8720	0.2029
8721	1.388
8722	6.966
8723	11.5486
8724	5.5764
8725	1.6206
8726	0.3155
8727	0.0108
8728	0.0
8729	0.0
8730	0.0
8731	0.0
8732	0.0
8733	0.0
8734	0.0
8735	0.0
8736	0.0
8737	0.0
8738	0.0
8739	0.0
8740	0.0
8741	0.0
8742	0.0
8743	0.0071
8744	1.0332
8745	5.7299
8746	13.4917
8747	16.329
8748	10.4407
8749	4.4114
8750	1.0873
8751	0.0501
8752	0.0
8753	0.0
8754	0.0
8755	0.0
8756	0.0
8757	0.0
8758	0.0
8759	0.0
