#1
double windSpeed(8760,2)
0	5
1	5
2	5
3	5
4	3
5	5
6	6
7	7
8	9
9	11
10	7
11	5
12	3
13	3
14	3
15	4
16	3
17	5
18	4
19	5
20	5
21	6
22	6
23	5
24	5
25	9
26	6
27	8
28	5
29	4
30	6
31	4
32	3
33	2
34	0
35	5
36	5
37	6
38	4
39	5
40	6
41	5
42	2
43	4
44	4
45	2
46	0
47	2
48	2
49	3
50	4
51	2
52	3
53	2
54	3
55	4
56	7
57	10
58	5
59	7
60	5
61	5
62	5
63	4
64	2
65	3
66	2
67	5
68	4
69	2
70	4
71	3
72	7
73	8
74	6
75	7
76	9
77	5
78	4
79	5
80	5
81	5
82	2
83	3
84	3
85	2
86	2
87	2
88	3
89	6
90	6
91	3
92	5
93	5
94	2
95	4
96	4
97	2
98	4
99	9
100	4
101	11
102	6
103	7
104	6
105	11
106	6
107	5
108	3
109	2
110	3
111	2
112	4
113	8
114	7
115	10
116	4
117	6
118	7
119	4
120	3
121	2
122	2
123	2
124	2
125	5
126	5
127	5
128	3
129	2
130	3
131	4
132	5
133	9
134	6
135	7
136	7
137	11
138	2
139	5
140	2
141	5
142	6
143	3
144	4
145	5
146	3
147	5
148	2
149	4
150	4
151	7
152	12
153	13
154	5
155	2
156	0
157	2
158	4
159	4
160	4
161	4
162	4
163	2
164	0
165	4
166	2
167	0
168	2
169	6
170	5
171	5
172	7
173	8
174	3
175	4
176	6
177	10
178	8
179	7
180	5
181	4
182	3
183	0
184	2
185	7
186	3
187	0
188	4
189	7
190	0
191	4
192	7
193	5
194	3
195	4
196	4
197	2
198	2
199	3
200	4
201	10
202	3
203	3
204	3
205	8
206	5
207	5
208	3
209	3
210	5
211	11
212	12
213	13
214	0
215	7
216	5
217	7
218	5
219	5
220	5
221	4
222	3
223	3
224	2
225	0
226	3
227	4
228	8
229	10
230	10
231	5
232	3
233	3
234	0
235	3
236	4
237	5
238	7
239	6
240	3
241	2
242	4
243	5
244	6
245	9
246	4
247	2
248	2
249	2
250	3
251	5
252	2
253	10
254	5
255	4
256	2
257	4
258	4
259	7
260	8
261	8
262	7
263	6
264	6
265	6
266	5
267	2
268	6
269	4
270	5
271	7
272	6
273	6
274	5
275	5
276	4
277	4
278	5
279	4
280	6
281	8
282	9
283	8
284	11
285	9
286	10
287	3
288	4
289	12
290	6
291	5
292	3
293	2
294	3
295	3
296	4
297	3
298	5
299	7
300	3
301	8
302	3
303	2
304	3
305	7
306	3
307	7
308	8
309	9
310	3
311	4
312	5
313	3
314	3
315	2
316	3
317	6
318	6
319	5
320	9
321	6
322	3
323	4
324	7
325	7
326	4
327	3
328	4
329	5
330	5
331	3
332	4
333	4
334	2
335	2
336	5
337	9
338	9
339	12
340	10
341	9
342	6
343	6
344	7
345	10
346	5
347	4
348	6
349	7
350	0
351	0
352	3
353	6
354	4
355	5
356	13
357	4
358	2
359	3
360	3
361	5
362	4
363	4
364	2
365	2
366	5
367	7
368	7
369	5
370	4
371	4
372	5
373	7
374	5
375	6
376	4
377	8
378	6
379	5
380	7
381	8
382	6
383	8
384	7
385	11
386	5
387	7
388	5
389	4
390	5
391	9
392	6
393	9
394	5
395	5
396	6
397	7
398	3
399	7
400	4
401	7
402	5
403	4
404	6
405	5
406	2
407	4
408	4
409	4
410	2
411	4
412	6
413	7
414	4
415	8
416	5
417	8
418	6
419	6
420	5
421	4
422	3
423	2
424	8
425	5
426	3
427	3
428	5
429	3
430	2
431	5
432	5
433	4
434	2
435	3
436	6
437	3
438	0
439	4
440	4
441	2
442	0
443	2
444	2
445	4
446	2
447	2
448	3
449	2
450	4
451	4
452	8
453	9
454	5
455	8
456	8
457	8
458	4
459	5
460	8
461	7
462	4
463	7
464	10
465	7
466	3
467	6
468	7
469	8
470	4
471	5
472	7
473	4
474	2
475	4
476	7
477	3
478	0
479	4
480	6
481	3
482	2
483	2
484	5
485	3
486	0
487	3
488	5
489	3
490	0
491	2
492	8
493	2
494	2
495	2
496	6
497	3
498	0
499	3
500	5
501	4
502	3
503	3
504	3
505	9
506	4
507	5
508	7
509	7
510	2
511	2
512	5
513	3
514	3
515	2
516	2
517	6
518	8
519	4
520	8
521	9
522	6
523	4
524	6
525	6
526	3
527	4
528	6
529	3
530	2
531	4
532	7
533	0
534	4
535	2
536	8
537	7
538	0
539	4
540	5
541	6
542	5
543	4
544	6
545	5
546	2
547	5
548	7
549	5
550	5
551	6
552	7
553	6
554	5
555	6
556	10
557	9
558	6
559	7
560	8
561	6
562	4
563	6
564	5
565	3
566	2
567	4
568	3
569	3
570	4
571	7
572	8
573	6
574	4
575	6
576	7
577	4
578	6
579	8
580	7
581	4
582	4
583	7
584	5
585	4
586	4
587	5
588	2
589	5
590	5
591	8
592	3
593	4
594	5
595	7
596	7
597	3
598	4
599	7
600	3
601	2
602	3
603	5
604	2
605	3
606	0
607	5
608	4
609	2
610	3
611	5
612	7
613	8
614	6
615	8
616	4
617	5
618	4
619	6
620	4
621	5
622	4
623	6
624	4
625	2
626	3
627	6
628	4
629	2
630	2
631	9
632	7
633	4
634	5
635	7
636	8
637	3
638	4
639	6
640	3
641	2
642	5
643	6
644	3
645	0
646	5
647	6
648	4
649	3
650	4
651	5
652	3
653	2
654	2
655	5
656	5
657	3
658	3
659	7
660	9
661	4
662	5
663	5
664	7
665	3
666	6
667	10
668	8
669	5
670	8
671	9
672	7
673	7
674	7
675	9
676	10
677	6
678	5
679	10
680	8
681	5
682	4
683	7
684	5
685	3
686	4
687	2
688	2
689	2
690	2
691	8
692	6
693	2
694	3
695	4
696	3
697	3
698	3
699	5
700	5
701	2
702	3
703	4
704	5
705	3
706	0
707	7
708	0
709	2
710	4
711	7
712	5
713	3
714	5
715	5
716	6
717	2
718	0
719	3
720	2
721	2
722	2
723	2
724	5
725	4
726	4
727	8
728	6
729	5
730	6
731	9
732	6
733	7
734	8
735	8
736	5
737	5
738	7
739	6
740	4
741	5
742	4
743	7
744	4
745	3
746	3
747	6
748	4
749	3
750	3
751	5
752	2
753	3
754	3
755	5
756	6
757	5
758	6
759	7
760	7
761	5
762	5
763	7
764	6
765	3
766	4
767	6
768	0
769	2
770	5
771	6
772	2
773	3
774	4
775	4
776	7
777	7
778	6
779	8
780	10
781	6
782	12
783	9
784	11
785	11
786	7
787	6
788	7
789	3
790	4
791	3
792	4
793	4
794	9
795	5
796	2
797	5
798	2
799	0
800	4
801	3
802	0
803	2
804	0
805	2
806	3
807	7
808	9
809	7
810	7
811	9
812	10
813	8
814	4
815	7
816	2
817	3
818	2
819	9
820	8
821	2
822	2
823	7
824	6
825	0
826	3
827	5
828	6
829	7
830	10
831	6
832	10
833	3
834	3
835	4
836	3
837	3
838	2
839	5
840	6
841	4
842	3
843	5
844	4
845	2
846	5
847	2
848	4
849	2
850	0
851	4
852	6
853	2
854	5
855	4
856	2
857	3
858	2
859	3
860	5
861	3
862	5
863	7
864	3
865	2
866	4
867	0
868	3
869	0
870	3
871	4
872	4
873	3
874	2
875	6
876	7
877	3
878	3
879	9
880	10
881	5
882	5
883	8
884	8
885	6
886	5
887	5
888	7
889	5
890	7
891	9
892	10
893	5
894	3
895	7
896	11
897	5
898	7
899	9
900	8
901	6
902	7
903	9
904	6
905	5
906	6
907	10
908	12
909	7
910	2
911	8
912	10
913	4
914	3
915	4
916	3
917	0
918	6
919	6
920	6
921	12
922	7
923	8
924	5
925	5
926	7
927	6
928	6
929	4
930	5
931	5
932	4
933	2
934	6
935	4
936	5
937	3
938	5
939	6
940	6
941	3
942	4
943	3
944	3
945	2
946	3
947	4
948	3
949	4
950	3
951	0
952	6
953	5
954	7
955	8
956	9
957	7
958	4
959	6
960	8
961	5
962	7
963	8
964	6
965	3
966	4
967	7
968	6
969	2
970	4
971	6
972	4
973	0
974	2
975	4
976	3
977	4
978	5
979	7
980	5
981	3
982	2
983	5
984	5
985	10
986	7
987	2
988	6
989	3
990	2
991	10
992	9
993	5
994	4
995	4
996	7
997	5
998	8
999	8
1000	5
1001	9
1002	7
1003	3
1004	0
1005	7
1006	2
1007	6
1008	5
1009	3
1010	4
1011	9
1012	4
1013	3
1014	4
1015	3
1016	5
1017	3
1018	5
1019	5
1020	5
1021	6
1022	4
1023	3
1024	7
1025	4
1026	8
1027	10
1028	11
1029	4
1030	7
1031	6
1032	6
1033	3
1034	4
1035	5
1036	7
1037	9
1038	6
1039	4
1040	14
1041	8
1042	5
1043	6
1044	8
1045	2
1046	5
1047	8
1048	9
1049	5
1050	8
1051	8
1052	9
1053	4
1054	4
1055	7
1056	4
1057	5
1058	5
1059	14
1060	14
1061	7
1062	7
1063	5
1064	7
1065	5
1066	0
1067	5
1068	9
1069	11
1070	12
1071	8
1072	11
1073	5
1074	8
1075	7
1076	7
1077	0
1078	3
1079	2
1080	7
1081	6
1082	2
1083	2
1084	3
1085	6
1086	4
1087	7
1088	5
1089	4
1090	3
1091	5
1092	5
1093	0
1094	3
1095	5
1096	7
1097	2
1098	4
1099	8
1100	10
1101	3
1102	8
1103	7
1104	8
1105	3
1106	5
1107	2
1108	2
1109	0
1110	3
1111	3
1112	6
1113	5
1114	5
1115	9
1116	12
1117	10
1118	4
1119	9
1120	7
1121	5
1122	6
1123	8
1124	10
1125	6
1126	7
1127	7
1128	10
1129	0
1130	5
1131	4
1132	2
1133	3
1134	3
1135	4
1136	6
1137	3
1138	4
1139	5
1140	5
1141	5
1142	6
1143	7
1144	8
1145	4
1146	6
1147	6
1148	4
1149	3
1150	4
1151	2
1152	2
1153	5
1154	5
1155	5
1156	2
1157	7
1158	5
1159	6
1160	8
1161	3
1162	5
1163	4
1164	3
1165	2
1166	2
1167	3
1168	4
1169	2
1170	3
1171	3
1172	2
1173	2
1174	0
1175	7
1176	6
1177	5
1178	5
1179	8
1180	10
1181	8
1182	9
1183	13
1184	17
1185	6
1186	10
1187	9
1188	4
1189	5
1190	4
1191	2
1192	6
1193	5
1194	7
1195	5
1196	6
1197	5
1198	5
1199	3
1200	10
1201	8
1202	2
1203	2
1204	2
1205	4
1206	5
1207	4
1208	6
1209	5
1210	3
1211	7
1212	7
1213	2
1214	0
1215	3
1216	4
1217	2
1218	2
1219	5
1220	5
1221	10
1222	10
1223	10
1224	10
1225	11
1226	6
1227	6
1228	4
1229	5
1230	4
1231	2
1232	0
1233	5
1234	3
1235	5
1236	5
1237	5
1238	5
1239	7
1240	11
1241	6
1242	2
1243	5
1244	6
1245	4
1246	5
1247	7
1248	10
1249	4
1250	5
1251	4
1252	0
1253	5
1254	5
1255	12
1256	16
1257	7
1258	3
1259	3
1260	5
1261	5
1262	5
1263	5
1264	7
1265	4
1266	6
1267	4
1268	6
1269	3
1270	3
1271	4
1272	5
1273	6
1274	5
1275	6
1276	8
1277	8
1278	4
1279	4
1280	5
1281	5
1282	3
1283	4
1284	3
1285	6
1286	5
1287	8
1288	6
1289	4
1290	3
1291	4
1292	9
1293	8
1294	10
1295	8
1296	9
1297	5
1298	5
1299	2
1300	3
1301	8
1302	8
1303	6
1304	7
1305	0
1306	2
1307	4
1308	4
1309	5
1310	5
1311	6
1312	3
1313	4
1314	3
1315	3
1316	2
1317	3
1318	3
1319	8
1320	9
1321	11
1322	8
1323	3
1324	3
1325	3
1326	3
1327	3
1328	7
1329	2
1330	5
1331	4
1332	4
1333	7
1334	7
1335	9
1336	10
1337	4
1338	7
1339	5
1340	9
1341	5
1342	4
1343	5
1344	4
1345	4
1346	4
1347	5
1348	11
1349	3
1350	5
1351	4
1352	6
1353	3
1354	3
1355	3
1356	3
1357	3
1358	2
1359	8
1360	15
1361	3
1362	6
1363	4
1364	4
1365	6
1366	2
1367	2
1368	4
1369	2
1370	2
1371	3
1372	2
1373	2
1374	5
1375	9
1376	4
1377	2
1378	5
1379	2
1380	5
1381	4
1382	8
1383	10
1384	8
1385	4
1386	10
1387	8
1388	12
1389	5
1390	7
1391	4
1392	4
1393	0
1394	3
1395	8
1396	14
1397	10
1398	14
1399	4
1400	6
1401	2
1402	2
1403	2
1404	2
1405	7
1406	6
1407	6
1408	6
1409	5
1410	3
1411	4
1412	4
1413	4
1414	4
1415	0
1416	0
1417	3
1418	3
1419	3
1420	3
1421	2
1422	2
1423	2
1424	2
1425	2
1426	5
1427	5
1428	3
1429	3
1430	5
1431	5
1432	8
1433	8
1434	7
1435	10
1436	10
1437	10
1438	10
1439	7
1440	7
1441	7
1442	5
1443	5
1444	5
1445	5
1446	6
1447	6
1448	7
1449	4
1450	4
1451	2
1452	2
1453	2
1454	2
1455	2
1456	4
1457	4
1458	4
1459	4
1460	4
1461	4
1462	8
1463	8
1464	6
1465	6
1466	6
1467	6
1468	6
1469	6
1470	3
1471	3
1472	3
1473	6
1474	6
1475	6
1476	6
1477	6
1478	6
1479	7
1480	7
1481	7
1482	8
1483	8
1484	8
1485	11
1486	11
1487	11
1488	4
1489	4
1490	4
1491	5
1492	5
1493	2
1494	2
1495	0
1496	0
1497	0
1498	5
1499	5
1500	6
1501	5
1502	3
1503	5
1504	2
1505	4
1506	3
1507	6
1508	5
1509	6
1510	8
1511	8
1512	11
1513	5
1514	9
1515	7
1516	4
1517	3
1518	2
1519	0
1520	2
1521	4
1522	5
1523	6
1524	6
1525	5
1526	8
1527	3
1528	5
1529	4
1530	12
1531	6
1532	4
1533	9
1534	9
1535	7
1536	6
1537	4
1538	2
1539	3
1540	2
1541	5
1542	7
1543	2
1544	2
1545	2
1546	3
1547	5
1548	6
1549	3
1550	6
1551	7
1552	7
1553	4
1554	5
1555	4
1556	6
1557	7
1558	10
1559	10
1560	8
1561	7
1562	3
1563	5
1564	5
1565	5
1566	2
1567	5
1568	0
1569	2
1570	0
1571	4
1572	3
1573	4
1574	0
1575	3
1576	6
1577	5
1578	4
1579	2
1580	4
1581	4
1582	6
1583	10
1584	10
1585	15
1586	14
1587	15
1588	3
1589	4
1590	4
1591	5
1592	5
1593	5
1594	6
1595	7
1596	4
1597	2
1598	3
1599	3
1600	4
1601	0
1602	3
1603	5
1604	5
1605	3
1606	4
1607	6
1608	8
1609	7
1610	8
1611	5
1612	5
1613	6
1614	5
1615	8
1616	4
1617	7
1618	5
1619	4
1620	0
1621	0
1622	2
1623	2
1624	2
1625	3
1626	5
1627	6
1628	6
1629	3
1630	3
1631	3
1632	3
1633	3
1634	2
1635	10
1636	7
1637	7
1638	5
1639	8
1640	2
1641	3
1642	2
1643	6
1644	7
1645	7
1646	4
1647	6
1648	5
1649	3
1650	3
1651	5
1652	4
1653	5
1654	2
1655	4
1656	3
1657	5
1658	8
1659	14
1660	8
1661	9
1662	6
1663	7
1664	5
1665	4
1666	4
1667	10
1668	6
1669	5
1670	7
1671	6
1672	2
1673	3
1674	3
1675	5
1676	4
1677	2
1678	3
1679	3
1680	3
1681	4
1682	3
1683	2
1684	0
1685	2
1686	4
1687	5
1688	8
1689	9
1690	8
1691	6
1692	4
1693	5
1694	4
1695	3
1696	4
1697	5
1698	4
1699	4
1700	3
1701	4
1702	2
1703	2
1704	0
1705	0
1706	2
1707	7
1708	6
1709	8
1710	10
1711	13
1712	10
1713	8
1714	6
1715	5
1716	5
1717	6
1718	5
1719	6
1720	2
1721	3
1722	3
1723	6
1724	6
1725	6
1726	8
1727	3
1728	5
1729	7
1730	3
1731	7
1732	6
1733	5
1734	3
1735	7
1736	2
1737	2
1738	3
1739	7
1740	8
1741	5
1742	3
1743	3
1744	5
1745	6
1746	5
1747	9
1748	5
1749	3
1750	3
1751	6
1752	6
1753	5
1754	0
1755	4
1756	4
1757	4
1758	5
1759	7
1760	4
1761	7
1762	7
1763	8
1764	5
1765	6
1766	0
1767	2
1768	2
1769	3
1770	6
1771	2
1772	2
1773	2
1774	5
1775	5
1776	3
1777	5
1778	5
1779	3
1780	2
1781	4
1782	2
1783	3
1784	8
1785	6
1786	2
1787	3
1788	3
1789	0
1790	2
1791	3
1792	4
1793	4
1794	4
1795	4
1796	3
1797	3
1798	3
1799	3
1800	2
1801	2
1802	7
1803	3
1804	0
1805	2
1806	3
1807	0
1808	2
1809	3
1810	6
1811	6
1812	2
1813	3
1814	5
1815	4
1816	4
1817	3
1818	6
1819	5
1820	7
1821	8
1822	10
1823	10
1824	13
1825	11
1826	3
1827	4
1828	3
1829	4
1830	9
1831	6
1832	3
1833	3
1834	3
1835	7
1836	2
1837	4
1838	3
1839	0
1840	5
1841	2
1842	2
1843	5
1844	3
1845	5
1846	3
1847	7
1848	5
1849	4
1850	4
1851	10
1852	7
1853	7
1854	6
1855	7
1856	4
1857	7
1858	6
1859	3
1860	6
1861	5
1862	7
1863	8
1864	3
1865	5
1866	5
1867	5
1868	4
1869	4
1870	7
1871	9
1872	4
1873	5
1874	6
1875	6
1876	4
1877	4
1878	5
1879	5
1880	4
1881	4
1882	6
1883	5
1884	3
1885	6
1886	6
1887	2
1888	3
1889	3
1890	7
1891	7
1892	2
1893	4
1894	4
1895	0
1896	3
1897	3
1898	4
1899	9
1900	12
1901	8
1902	2
1903	8
1904	4
1905	4
1906	4
1907	3
1908	0
1909	2
1910	3
1911	6
1912	4
1913	5
1914	8
1915	10
1916	10
1917	10
1918	11
1919	11
1920	6
1921	3
1922	6
1923	8
1924	6
1925	4
1926	4
1927	5
1928	5
1929	3
1930	4
1931	6
1932	7
1933	2
1934	4
1935	4
1936	5
1937	2
1938	2
1939	4
1940	2
1941	2
1942	0
1943	5
1944	4
1945	2
1946	3
1947	4
1948	3
1949	3
1950	4
1951	7
1952	6
1953	4
1954	4
1955	4
1956	4
1957	2
1958	2
1959	7
1960	3
1961	2
1962	0
1963	3
1964	3
1965	2
1966	0
1967	4
1968	3
1969	3
1970	2
1971	5
1972	6
1973	4
1974	3
1975	4
1976	3
1977	2
1978	2
1979	3
1980	5
1981	2
1982	0
1983	4
1984	2
1985	0
1986	4
1987	5
1988	7
1989	4
1990	4
1991	3
1992	7
1993	6
1994	2
1995	5
1996	5
1997	4
1998	3
1999	4
2000	5
2001	2
2002	4
2003	4
2004	8
2005	6
2006	5
2007	5
2008	8
2009	0
2010	3
2011	7
2012	6
2013	4
2014	4
2015	5
2016	8
2017	8
2018	6
2019	9
2020	8
2021	10
2022	5
2023	7
2024	6
2025	8
2026	6
2027	6
2028	8
2029	5
2030	6
2031	7
2032	7
2033	7
2034	6
2035	7
2036	6
2037	7
2038	6
2039	2
2040	8
2041	4
2042	3
2043	3
2044	6
2045	2
2046	3
2047	5
2048	7
2049	6
2050	6
2051	0
2052	4
2053	6
2054	2
2055	4
2056	6
2057	0
2058	3
2059	0
2060	13
2061	5
2062	4
2063	4
2064	7
2065	6
2066	5
2067	5
2068	3
2069	6
2070	4
2071	3
2072	5
2073	5
2074	4
2075	3
2076	2
2077	2
2078	4
2079	3
2080	2
2081	0
2082	0
2083	0
2084	6
2085	2
2086	3
2087	2
2088	3
2089	4
2090	2
2091	0
2092	5
2093	0
2094	3
2095	3
2096	3
2097	6
2098	6
2099	4
2100	4
2101	4
2102	4
2103	6
2104	3
2105	5
2106	6
2107	8
2108	7
2109	4
2110	5
2111	9
2112	8
2113	5
2114	6
2115	8
2116	5
2117	3
2118	5
2119	5
2120	5
2121	3
2122	2
2123	5
2124	3
2125	2
2126	2
2127	5
2128	6
2129	4
2130	3
2131	7
2132	3
2133	6
2134	5
2135	5
2136	3
2137	3
2138	4
2139	0
2140	4
2141	0
2142	3
2143	4
2144	7
2145	3
2146	5
2147	2
2148	2
2149	7
2150	5
2151	5
2152	5
2153	2
2154	3
2155	7
2156	6
2157	3
2158	3
2159	9
2160	7
2161	4
2162	3
2163	4
2164	2
2165	2
2166	2
2167	3
2168	4
2169	6
2170	4
2171	5
2172	6
2173	5
2174	9
2175	6
2176	5
2177	5
2178	4
2179	2
2180	6
2181	4
2182	4
2183	5
2184	6
2185	6
2186	5
2187	4
2188	5
2189	5
2190	3
2191	2
2192	3
2193	5
2194	5
2195	5
2196	2
2197	7
2198	4
2199	4
2200	4
2201	8
2202	6
2203	4
2204	6
2205	2
2206	8
2207	2
2208	3
2209	6
2210	4
2211	2
2212	2
2213	4
2214	5
2215	2
2216	3
2217	7
2218	5
2219	0
2220	3
2221	7
2222	5
2223	2
2224	2
2225	6
2226	0
2227	2
2228	4
2229	7
2230	7
2231	7
2232	3
2233	7
2234	4
2235	3
2236	4
2237	9
2238	3
2239	5
2240	7
2241	6
2242	6
2243	4
2244	6
2245	5
2246	2
2247	0
2248	3
2249	6
2250	3
2251	4
2252	8
2253	2
2254	8
2255	5
2256	8
2257	8
2258	9
2259	6
2260	8
2261	7
2262	6
2263	5
2264	6
2265	5
2266	6
2267	6
2268	5
2269	8
2270	6
2271	6
2272	6
2273	5
2274	7
2275	6
2276	10
2277	10
2278	11
2279	3
2280	6
2281	7
2282	9
2283	4
2284	16
2285	6
2286	6
2287	2
2288	2
2289	4
2290	3
2291	0
2292	3
2293	6
2294	4
2295	2
2296	4
2297	6
2298	6
2299	5
2300	3
2301	8
2302	7
2303	6
2304	2
2305	6
2306	11
2307	9
2308	5
2309	5
2310	11
2311	10
2312	5
2313	9
2314	10
2315	10
2316	5
2317	5
2318	7
2319	8
2320	6
2321	5
2322	6
2323	4
2324	2
2325	3
2326	6
2327	6
2328	5
2329	5
2330	7
2331	7
2332	4
2333	6
2334	7
2335	5
2336	6
2337	7
2338	6
2339	7
2340	5
2341	3
2342	6
2343	4
2344	4
2345	20
2346	8
2347	10
2348	6
2349	6
2350	9
2351	2
2352	3
2353	4
2354	6
2355	3
2356	4
2357	6
2358	6
2359	5
2360	4
2361	3
2362	5
2363	8
2364	4
2365	4
2366	11
2367	5
2368	2
2369	4
2370	7
2371	7
2372	5
2373	4
2374	7
2375	6
2376	7
2377	7
2378	9
2379	6
2380	5
2381	5
2382	8
2383	6
2384	3
2385	4
2386	8
2387	5
2388	2
2389	6
2390	6
2391	8
2392	3
2393	5
2394	4
2395	2
2396	2
2397	2
2398	8
2399	6
2400	4
2401	4
2402	5
2403	5
2404	2
2405	3
2406	7
2407	3
2408	2
2409	4
2410	6
2411	5
2412	0
2413	3
2414	4
2415	2
2416	3
2417	2
2418	3
2419	6
2420	5
2421	6
2422	5
2423	7
2424	6
2425	5
2426	4
2427	7
2428	5
2429	7
2430	5
2431	6
2432	2
2433	4
2434	3
2435	5
2436	0
2437	8
2438	7
2439	5
2440	3
2441	0
2442	8
2443	8
2444	6
2445	4
2446	8
2447	8
2448	5
2449	7
2450	8
2451	10
2452	5
2453	8
2454	12
2455	12
2456	6
2457	6
2458	10
2459	9
2460	2
2461	7
2462	8
2463	5
2464	6
2465	9
2466	4
2467	6
2468	5
2469	5
2470	4
2471	3
2472	6
2473	6
2474	3
2475	5
2476	3
2477	4
2478	5
2479	2
2480	3
2481	7
2482	5
2483	3
2484	5
2485	4
2486	3
2487	6
2488	9
2489	9
2490	9
2491	5
2492	8
2493	12
2494	9
2495	5
2496	9
2497	9
2498	11
2499	6
2500	6
2501	9
2502	9
2503	3
2504	4
2505	4
2506	3
2507	2
2508	2
2509	2
2510	5
2511	5
2512	6
2513	5
2514	2
2515	0
2516	2
2517	5
2518	7
2519	8
2520	5
2521	5
2522	5
2523	2
2524	2
2525	3
2526	6
2527	4
2528	3
2529	6
2530	9
2531	5
2532	6
2533	6
2534	6
2535	4
2536	6
2537	9
2538	11
2539	6
2540	4
2541	4
2542	4
2543	3
2544	4
2545	7
2546	12
2547	6
2548	8
2549	7
2550	9
2551	8
2552	8
2553	7
2554	6
2555	3
2556	2
2557	5
2558	5
2559	8
2560	4
2561	10
2562	15
2563	7
2564	13
2565	10
2566	9
2567	8
2568	13
2569	10
2570	11
2571	5
2572	11
2573	10
2574	11
2575	7
2576	7
2577	4
2578	2
2579	3
2580	5
2581	9
2582	3
2583	2
2584	2
2585	6
2586	5
2587	2
2588	2
2589	4
2590	9
2591	11
2592	12
2593	14
2594	14
2595	5
2596	7
2597	4
2598	4
2599	7
2600	7
2601	6
2602	8
2603	3
2604	3
2605	5
2606	11
2607	16
2608	9
2609	6
2610	7
2611	3
2612	2
2613	6
2614	7
2615	7
2616	9
2617	7
2618	5
2619	6
2620	4
2621	5
2622	5
2623	4
2624	0
2625	0
2626	5
2627	9
2628	3
2629	3
2630	4
2631	6
2632	4
2633	6
2634	9
2635	5
2636	2
2637	0
2638	3
2639	7
2640	7
2641	8
2642	8
2643	3
2644	4
2645	4
2646	4
2647	5
2648	5
2649	11
2650	8
2651	7
2652	5
2653	6
2654	8
2655	7
2656	4
2657	4
2658	6
2659	5
2660	2
2661	2
2662	2
2663	6
2664	4
2665	10
2666	10
2667	13
2668	9
2669	7
2670	4
2671	3
2672	3
2673	3
2674	8
2675	7
2676	4
2677	5
2678	5
2679	9
2680	5
2681	9
2682	10
2683	13
2684	5
2685	6
2686	7
2687	4
2688	2
2689	2
2690	4
2691	5
2692	5
2693	3
2694	2
2695	3
2696	5
2697	3
2698	5
2699	9
2700	9
2701	13
2702	6
2703	0
2704	0
2705	2
2706	3
2707	6
2708	9
2709	4
2710	7
2711	7
2712	6
2713	0
2714	3
2715	0
2716	6
2717	3
2718	6
2719	8
2720	8
2721	4
2722	2
2723	4
2724	9
2725	7
2726	6
2727	9
2728	8
2729	4
2730	5
2731	8
2732	9
2733	4
2734	4
2735	6
2736	7
2737	2
2738	2
2739	4
2740	8
2741	6
2742	9
2743	4
2744	5
2745	4
2746	4
2747	4
2748	7
2749	3
2750	5
2751	5
2752	4
2753	3
2754	7
2755	4
2756	4
2757	3
2758	2
2759	6
2760	3
2761	3
2762	3
2763	3
2764	3
2765	2
2766	2
2767	0
2768	3
2769	4
2770	5
2771	8
2772	10
2773	9
2774	9
2775	10
2776	10
2777	9
2778	8
2779	7
2780	12
2781	4
2782	9
2783	8
2784	9
2785	2
2786	2
2787	3
2788	5
2789	4
2790	2
2791	6
2792	10
2793	11
2794	6
2795	7
2796	12
2797	5
2798	6
2799	7
2800	8
2801	3
2802	5
2803	4
2804	4
2805	2
2806	2
2807	5
2808	4
2809	2
2810	2
2811	4
2812	7
2813	6
2814	5
2815	6
2816	8
2817	10
2818	9
2819	3
2820	6
2821	5
2822	6
2823	7
2824	5
2825	3
2826	2
2827	2
2828	7
2829	4
2830	6
2831	4
2832	7
2833	8
2834	2
2835	3
2836	6
2837	3
2838	7
2839	9
2840	10
2841	3
2842	3
2843	3
2844	9
2845	6
2846	5
2847	6
2848	2
2849	2
2850	4
2851	9
2852	12
2853	9
2854	3
2855	5
2856	9
2857	7
2858	7
2859	6
2860	9
2861	2
2862	3
2863	2
2864	5
2865	5
2866	6
2867	2
2868	2
2869	3
2870	4
2871	5
2872	9
2873	7
2874	5
2875	7
2876	11
2877	6
2878	9
2879	6
2880	9
2881	7
2882	5
2883	4
2884	2
2885	0
2886	2
2887	2
2888	2
2889	5
2890	4
2891	5
2892	13
2893	8
2894	8
2895	9
2896	11
2897	6
2898	7
2899	5
2900	11
2901	6
2902	8
2903	7
2904	8
2905	5
2906	4
2907	6
2908	7
2909	5
2910	3
2911	3
2912	3
2913	2
2914	0
2915	5
2916	7
2917	4
2918	10
2919	15
2920	10
2921	2
2922	5
2923	3
2924	7
2925	3
2926	4
2927	3
2928	3
2929	3
2930	6
2931	4
2932	3
2933	4
2934	8
2935	7
2936	13
2937	6
2938	7
2939	8
2940	10
2941	6
2942	6
2943	7
2944	8
2945	3
2946	2
2947	2
2948	5
2949	5
2950	5
2951	6
2952	9
2953	6
2954	8
2955	5
2956	4
2957	2
2958	2
2959	3
2960	3
2961	3
2962	2
2963	4
2964	5
2965	2
2966	2
2967	2
2968	5
2969	4
2970	3
2971	3
2972	3
2973	4
2974	3
2975	3
2976	3
2977	8
2978	6
2979	7
2980	11
2981	7
2982	3
2983	5
2984	8
2985	10
2986	3
2987	3
2988	8
2989	3
2990	2
2991	2
2992	3
2993	2
2994	2
2995	2
2996	6
2997	8
2998	8
2999	7
3000	8
3001	4
3002	4
3003	4
3004	8
3005	3
3006	2
3007	3
3008	9
3009	11
3010	5
3011	3
3012	2
3013	2
3014	6
3015	5
3016	7
3017	8
3018	8
3019	3
3020	8
3021	6
3022	4
3023	4
3024	3
3025	2
3026	0
3027	2
3028	0
3029	3
3030	4
3031	5
3032	3
3033	2
3034	2
3035	4
3036	3
3037	2
3038	5
3039	7
3040	7
3041	4
3042	6
3043	4
3044	4
3045	5
3046	3
3047	4
3048	7
3049	6
3050	4
3051	0
3052	5
3053	6
3054	8
3055	2
3056	6
3057	5
3058	8
3059	5
3060	5
3061	6
3062	2
3063	2
3064	2
3065	5
3066	5
3067	2
3068	2
3069	2
3070	2
3071	0
3072	0
3073	6
3074	6
3075	6
3076	6
3077	0
3078	3
3079	2
3080	2
3081	3
3082	8
3083	10
3084	3
3085	3
3086	4
3087	2
3088	2
3089	2
3090	0
3091	6
3092	9
3093	13
3094	4
3095	10
3096	6
3097	7
3098	5
3099	8
3100	0
3101	0
3102	4
3103	4
3104	3
3105	4
3106	4
3107	5
3108	6
3109	0
3110	2
3111	3
3112	5
3113	3
3114	2
3115	0
3116	5
3117	5
3118	6
3119	6
3120	7
3121	7
3122	8
3123	6
3124	6
3125	9
3126	5
3127	5
3128	4
3129	4
3130	5
3131	3
3132	6
3133	9
3134	5
3135	5
3136	6
3137	6
3138	3
3139	5
3140	2
3141	3
3142	3
3143	2
3144	2
3145	5
3146	4
3147	7
3148	9
3149	8
3150	3
3151	6
3152	5
3153	10
3154	6
3155	5
3156	3
3157	2
3158	3
3159	4
3160	4
3161	13
3162	9
3163	8
3164	5
3165	11
3166	6
3167	3
3168	3
3169	3
3170	3
3171	4
3172	6
3173	10
3174	3
3175	9
3176	9
3177	9
3178	6
3179	5
3180	3
3181	2
3182	3
3183	3
3184	6
3185	8
3186	2
3187	3
3188	5
3189	8
3190	5
3191	6
3192	4
3193	5
3194	0
3195	2
3196	3
3197	3
3198	2
3199	2
3200	2
3201	3
3202	7
3203	5
3204	5
3205	6
3206	6
3207	5
3208	5
3209	3
3210	3
3211	4
3212	4
3213	4
3214	6
3215	6
3216	5
3217	6
3218	5
3219	4
3220	10
3221	3
3222	3
3223	0
3224	3
3225	4
3226	6
3227	7
3228	7
3229	7
3230	8
3231	5
3232	4
3233	4
3234	4
3235	3
3236	4
3237	7
3238	11
3239	3
3240	6
3241	3
3242	5
3243	6
3244	6
3245	4
3246	0
3247	4
3248	4
3249	4
3250	4
3251	8
3252	11
3253	13
3254	7
3255	11
3256	5
3257	5
3258	3
3259	4
3260	3
3261	4
3262	4
3263	11
3264	5
3265	3
3266	4
3267	6
3268	4
3269	4
3270	3
3271	3
3272	5
3273	4
3274	7
3275	9
3276	6
3277	6
3278	8
3279	12
3280	3
3281	4
3282	5
3283	5
3284	3
3285	5
3286	5
3287	5
3288	2
3289	5
3290	4
3291	7
3292	3
3293	0
3294	0
3295	5
3296	3
3297	3
3298	5
3299	8
3300	9
3301	10
3302	8
3303	8
3304	3
3305	4
3306	5
3307	6
3308	4
3309	6
3310	5
3311	7
3312	2
3313	3
3314	4
3315	2
3316	2
3317	2
3318	4
3319	8
3320	9
3321	7
3322	6
3323	10
3324	4
3325	7
3326	6
3327	8
3328	2
3329	3
3330	2
3331	3
3332	7
3333	8
3334	7
3335	7
3336	3
3337	4
3338	6
3339	3
3340	4
3341	3
3342	3
3343	3
3344	2
3345	6
3346	7
3347	3
3348	5
3349	6
3350	9
3351	5
3352	5
3353	5
3354	6
3355	0
3356	0
3357	3
3358	4
3359	2
3360	2
3361	2
3362	2
3363	2
3364	3
3365	4
3366	5
3367	5
3368	4
3369	6
3370	6
3371	8
3372	6
3373	8
3374	5
3375	2
3376	5
3377	8
3378	5
3379	4
3380	4
3381	7
3382	4
3383	6
3384	7
3385	10
3386	4
3387	5
3388	9
3389	8
3390	5
3391	7
3392	9
3393	8
3394	6
3395	5
3396	6
3397	7
3398	6
3399	7
3400	10
3401	10
3402	5
3403	4
3404	6
3405	7
3406	2
3407	7
3408	6
3409	2
3410	4
3411	4
3412	6
3413	6
3414	4
3415	7
3416	8
3417	9
3418	6
3419	8
3420	7
3421	3
3422	2
3423	4
3424	4
3425	2
3426	2
3427	2
3428	5
3429	4
3430	3
3431	0
3432	4
3433	0
3434	2
3435	0
3436	4
3437	3
3438	3
3439	3
3440	6
3441	0
3442	2
3443	4
3444	5
3445	8
3446	0
3447	5
3448	7
3449	5
3450	4
3451	3
3452	4
3453	3
3454	3
3455	2
3456	8
3457	11
3458	6
3459	5
3460	5
3461	4
3462	5
3463	4
3464	3
3465	2
3466	0
3467	3
3468	4
3469	4
3470	3
3471	2
3472	4
3473	3
3474	3
3475	2
3476	6
3477	6
3478	4
3479	4
3480	4
3481	3
3482	5
3483	7
3484	4
3485	2
3486	6
3487	6
3488	4
3489	3
3490	8
3491	8
3492	8
3493	2
3494	2
3495	5
3496	6
3497	4
3498	2
3499	4
3500	4
3501	3
3502	4
3503	5
3504	5
3505	5
3506	3
3507	5
3508	2
3509	2
3510	2
3511	6
3512	2
3513	5
3514	4
3515	4
3516	3
3517	3
3518	6
3519	5
3520	5
3521	4
3522	4
3523	3
3524	8
3525	6
3526	3
3527	2
3528	5
3529	2
3530	2
3531	3
3532	4
3533	4
3534	3
3535	3
3536	5
3537	3
3538	6
3539	7
3540	9
3541	4
3542	3
3543	6
3544	2
3545	2
3546	5
3547	0
3548	2
3549	2
3550	4
3551	0
3552	4
3553	2
3554	6
3555	6
3556	2
3557	4
3558	3
3559	4
3560	4
3561	5
3562	3
3563	4
3564	5
3565	6
3566	2
3567	2
3568	3
3569	5
3570	5
3571	3
3572	3
3573	5
3574	5
3575	2
3576	5
3577	3
3578	4
3579	5
3580	7
3581	5
3582	10
3583	6
3584	5
3585	7
3586	2
3587	2
3588	4
3589	4
3590	3
3591	0
3592	2
3593	5
3594	2
3595	2
3596	0
3597	5
3598	3
3599	2
3600	4
3601	6
3602	3
3603	0
3604	3
3605	2
3606	2
3607	4
3608	5
3609	6
3610	5
3611	4
3612	5
3613	3
3614	5
3615	3
3616	4
3617	6
3618	6
3619	6
3620	6
3621	6
3622	6
3623	5
3624	4
3625	5
3626	6
3627	4
3628	0
3629	3
3630	6
3631	4
3632	3
3633	7
3634	5
3635	3
3636	3
3637	5
3638	9
3639	4
3640	4
3641	6
3642	5
3643	5
3644	5
3645	6
3646	4
3647	4
3648	3
3649	6
3650	7
3651	4
3652	4
3653	5
3654	5
3655	4
3656	3
3657	2
3658	5
3659	2
3660	0
3661	2
3662	4
3663	2
3664	0
3665	3
3666	4
3667	3
3668	3
3669	3
3670	3
3671	4
3672	3
3673	4
3674	6
3675	6
3676	4
3677	5
3678	6
3679	7
3680	5
3681	6
3682	6
3683	8
3684	5
3685	5
3686	6
3687	2
3688	3
3689	3
3690	4
3691	4
3692	3
3693	4
3694	4
3695	4
3696	2
3697	3
3698	4
3699	4
3700	4
3701	2
3702	3
3703	3
3704	3
3705	2
3706	2
3707	4
3708	3
3709	0
3710	3
3711	5
3712	3
3713	4
3714	3
3715	8
3716	5
3717	6
3718	3
3719	9
3720	6
3721	4
3722	3
3723	5
3724	3
3725	2
3726	4
3727	7
3728	10
3729	7
3730	9
3731	9
3732	8
3733	6
3734	7
3735	8
3736	9
3737	4
3738	6
3739	5
3740	3
3741	0
3742	2
3743	5
3744	2
3745	2
3746	4
3747	4
3748	3
3749	2
3750	4
3751	7
3752	4
3753	10
3754	6
3755	8
3756	4
3757	0
3758	4
3759	4
3760	2
3761	0
3762	2
3763	6
3764	4
3765	0
3766	3
3767	6
3768	3
3769	2
3770	2
3771	4
3772	4
3773	3
3774	6
3775	8
3776	9
3777	5
3778	5
3779	10
3780	7
3781	5
3782	5
3783	9
3784	5
3785	4
3786	4
3787	7
3788	6
3789	5
3790	6
3791	8
3792	10
3793	5
3794	9
3795	10
3796	10
3797	7
3798	6
3799	9
3800	9
3801	4
3802	7
3803	10
3804	9
3805	5
3806	9
3807	10
3808	9
3809	6
3810	6
3811	6
3812	6
3813	6
3814	6
3815	9
3816	5
3817	3
3818	2
3819	0
3820	3
3821	4
3822	3
3823	3
3824	2
3825	5
3826	5
3827	2
3828	2
3829	7
3830	7
3831	3
3832	3
3833	3
3834	2
3835	0
3836	2
3837	3
3838	0
3839	2
3840	2
3841	4
3842	2
3843	5
3844	3
3845	8
3846	4
3847	0
3848	7
3849	5
3850	5
3851	0
3852	3
3853	5
3854	5
3855	2
3856	4
3857	4
3858	4
3859	3
3860	0
3861	7
3862	8
3863	6
3864	9
3865	5
3866	7
3867	5
3868	5
3869	4
3870	5
3871	7
3872	9
3873	7
3874	10
3875	4
3876	4
3877	2
3878	2
3879	4
3880	4
3881	5
3882	8
3883	6
3884	2
3885	3
3886	2
3887	0
3888	0
3889	3
3890	3
3891	4
3892	2
3893	4
3894	4
3895	4
3896	6
3897	7
3898	3
3899	7
3900	10
3901	4
3902	14
3903	9
3904	4
3905	10
3906	9
3907	9
3908	8
3909	8
3910	6
3911	6
3912	9
3913	12
3914	8
3915	6
3916	9
3917	8
3918	8
3919	5
3920	5
3921	8
3922	6
3923	2
3924	5
3925	2
3926	2
3927	2
3928	0
3929	7
3930	8
3931	7
3932	5
3933	11
3934	6
3935	6
3936	2
3937	10
3938	10
3939	5
3940	5
3941	9
3942	6
3943	6
3944	4
3945	8
3946	7
3947	3
3948	5
3949	8
3950	9
3951	3
3952	4
3953	6
3954	4
3955	2
3956	3
3957	2
3958	0
3959	3
3960	3
3961	9
3962	10
3963	6
3964	10
3965	12
3966	9
3967	0
3968	0
3969	8
3970	10
3971	3
3972	5
3973	3
3974	4
3975	4
3976	4
3977	4
3978	12
3979	15
3980	9
3981	5
3982	10
3983	7
3984	9
3985	8
3986	6
3987	3
3988	4
3989	5
3990	8
3991	12
3992	6
3993	3
3994	8
3995	7
3996	8
3997	0
3998	4
3999	7
4000	7
4001	9
4002	11
4003	11
4004	5
4005	3
4006	3
4007	3
4008	6
4009	4
4010	9
4011	8
4012	7
4013	11
4014	10
4015	4
4016	8
4017	7
4018	7
4019	6
4020	5
4021	7
4022	9
4023	6
4024	5
4025	6
4026	6
4027	5
4028	3
4029	3
4030	3
4031	5
4032	10
4033	4
4034	4
4035	7
4036	6
4037	4
4038	8
4039	8
4040	10
4041	9
4042	4
4043	8
4044	9
4045	9
4046	6
4047	2
4048	4
4049	4
4050	2
4051	5
4052	8
4053	0
4054	3
4055	5
4056	6
4057	3
4058	2
4059	8
4060	9
4061	6
4062	5
4063	10
4064	9
4065	8
4066	10
4067	12
4068	8
4069	5
4070	6
4071	8
4072	5
4073	2
4074	3
4075	4
4076	0
4077	3
4078	4
4079	6
4080	13
4081	8
4082	9
4083	7
4084	8
4085	3
4086	4
4087	4
4088	4
4089	3
4090	5
4091	5
4092	8
4093	4
4094	13
4095	4
4096	5
4097	5
4098	5
4099	8
4100	6
4101	4
4102	6
4103	3
4104	7
4105	5
4106	5
4107	9
4108	6
4109	5
4110	9
4111	6
4112	8
4113	8
4114	2
4115	4
4116	3
4117	5
4118	7
4119	4
4120	8
4121	3
4122	2
4123	2
4124	5
4125	5
4126	7
4127	8
4128	15
4129	15
4130	10
4131	6
4132	10
4133	12
4134	11
4135	4
4136	7
4137	2
4138	4
4139	5
4140	5
4141	5
4142	4
4143	8
4144	4
4145	10
4146	8
4147	9
4148	6
4149	7
4150	9
4151	8
4152	5
4153	6
4154	6
4155	3
4156	3
4157	2
4158	4
4159	8
4160	5
4161	8
4162	9
4163	7
4164	4
4165	4
4166	5
4167	3
4168	5
4169	7
4170	5
4171	4
4172	2
4173	3
4174	6
4175	11
4176	3
4177	3
4178	6
4179	4
4180	4
4181	7
4182	11
4183	5
4184	3
4185	0
4186	5
4187	7
4188	10
4189	3
4190	7
4191	7
4192	4
4193	5
4194	6
4195	10
4196	4
4197	2
4198	0
4199	5
4200	5
4201	5
4202	9
4203	12
4204	7
4205	7
4206	10
4207	10
4208	7
4209	6
4210	6
4211	9
4212	6
4213	4
4214	4
4215	6
4216	6
4217	7
4218	0
4219	4
4220	2
4221	2
4222	0
4223	2
4224	5
4225	10
4226	5
4227	5
4228	10
4229	9
4230	7
4231	5
4232	7
4233	7
4234	4
4235	3
4236	4
4237	2
4238	9
4239	4
4240	4
4241	5
4242	4
4243	2
4244	5
4245	6
4246	7
4247	9
4248	5
4249	10
4250	7
4251	8
4252	2
4253	4
4254	3
4255	3
4256	5
4257	3
4258	3
4259	3
4260	6
4261	7
4262	6
4263	3
4264	5
4265	5
4266	5
4267	6
4268	10
4269	4
4270	4
4271	4
4272	5
4273	4
4274	3
4275	5
4276	8
4277	4
4278	4
4279	5
4280	7
4281	4
4282	3
4283	4
4284	6
4285	5
4286	5
4287	7
4288	7
4289	6
4290	6
4291	6
4292	4
4293	5
4294	5
4295	8
4296	14
4297	15
4298	7
4299	6
4300	6
4301	8
4302	8
4303	7
4304	10
4305	4
4306	7
4307	4
4308	2
4309	3
4310	5
4311	6
4312	8
4313	6
4314	5
4315	2
4316	7
4317	6
4318	5
4319	8
4320	6
4321	3
4322	2
4323	6
4324	4
4325	4
4326	7
4327	10
4328	3
4329	3
4330	4
4331	7
4332	3
4333	4
4334	5
4335	8
4336	10
4337	8
4338	6
4339	8
4340	2
4341	5
4342	5
4343	5
4344	6
4345	5
4346	4
4347	3
4348	4
4349	7
4350	5
4351	7
4352	8
4353	6
4354	4
4355	6
4356	4
4357	6
4358	5
4359	7
4360	4
4361	2
4362	2
4363	4
4364	3
4365	3
4366	5
4367	7
4368	3
4369	6
4370	6
4371	9
4372	0
4373	5
4374	4
4375	6
4376	3
4377	5
4378	6
4379	14
4380	8
4381	6
4382	4
4383	4
4384	2
4385	5
4386	5
4387	9
4388	6
4389	5
4390	5
4391	8
4392	4
4393	4
4394	3
4395	0
4396	0
4397	3
4398	5
4399	3
4400	4
4401	3
4402	3
4403	5
4404	7
4405	3
4406	7
4407	6
4408	4
4409	4
4410	5
4411	6
4412	5
4413	6
4414	5
4415	7
4416	8
4417	6
4418	6
4419	6
4420	3
4421	8
4422	6
4423	9
4424	8
4425	2
4426	2
4427	10
4428	7
4429	12
4430	7
4431	10
4432	5
4433	5
4434	5
4435	5
4436	8
4437	5
4438	4
4439	2
4440	4
4441	0
4442	3
4443	4
4444	7
4445	7
4446	9
4447	9
4448	13
4449	8
4450	4
4451	4
4452	3
4453	6
4454	5
4455	8
4456	8
4457	5
4458	6
4459	2
4460	7
4461	2
4462	4
4463	3
4464	4
4465	2
4466	4
4467	4
4468	8
4469	8
4470	9
4471	9
4472	10
4473	5
4474	3
4475	3
4476	10
4477	7
4478	7
4479	4
4480	8
4481	5
4482	6
4483	3
4484	3
4485	2
4486	4
4487	4
4488	3
4489	5
4490	3
4491	5
4492	4
4493	10
4494	12
4495	6
4496	5
4497	2
4498	0
4499	0
4500	4
4501	3
4502	3
4503	2
4504	3
4505	4
4506	6
4507	7
4508	4
4509	7
4510	2
4511	2
4512	3
4513	9
4514	3
4515	4
4516	4
4517	2
4518	2
4519	3
4520	4
4521	6
4522	6
4523	9
4524	11
4525	11
4526	6
4527	7
4528	9
4529	10
4530	7
4531	5
4532	6
4533	2
4534	6
4535	5
4536	6
4537	4
4538	3
4539	3
4540	6
4541	6
4542	2
4543	2
4544	4
4545	5
4546	6
4547	8
4548	12
4549	10
4550	11
4551	11
4552	8
4553	8
4554	6
4555	5
4556	5
4557	6
4558	2
4559	2
4560	4
4561	7
4562	11
4563	8
4564	9
4565	2
4566	3
4567	2
4568	3
4569	7
4570	10
4571	3
4572	3
4573	5
4574	0
4575	3
4576	2
4577	5
4578	3
4579	3
4580	5
4581	8
4582	5
4583	4
4584	3
4585	3
4586	2
4587	2
4588	3
4589	9
4590	4
4591	4
4592	2
4593	7
4594	4
4595	5
4596	3
4597	5
4598	6
4599	7
4600	5
4601	10
4602	7
4603	8
4604	7
4605	10
4606	7
4607	4
4608	3
4609	2
4610	2
4611	0
4612	3
4613	6
4614	7
4615	6
4616	4
4617	2
4618	6
4619	2
4620	4
4621	2
4622	5
4623	7
4624	4
4625	4
4626	7
4627	3
4628	7
4629	5
4630	6
4631	4
4632	3
4633	7
4634	10
4635	3
4636	2
4637	2
4638	2
4639	5
4640	3
4641	5
4642	5
4643	9
4644	10
4645	8
4646	7
4647	12
4648	5
4649	7
4650	6
4651	6
4652	2
4653	4
4654	2
4655	4
4656	4
4657	0
4658	0
4659	5
4660	4
4661	4
4662	4
4663	6
4664	2
4665	0
4666	0
4667	3
4668	5
4669	4
4670	7
4671	4
4672	5
4673	4
4674	4
4675	3
4676	3
4677	3
4678	3
4679	5
4680	5
4681	6
4682	6
4683	8
4684	4
4685	3
4686	2
4687	5
4688	4
4689	2
4690	2
4691	2
4692	4
4693	3
4694	3
4695	4
4696	0
4697	3
4698	4
4699	4
4700	5
4701	3
4702	4
4703	5
4704	3
4705	7
4706	8
4707	5
4708	5
4709	7
4710	5
4711	7
4712	5
4713	7
4714	5
4715	8
4716	5
4717	0
4718	4
4719	4
4720	3
4721	5
4722	5
4723	9
4724	5
4725	6
4726	5
4727	7
4728	5
4729	4
4730	3
4731	3
4732	2
4733	0
4734	3
4735	6
4736	4
4737	4
4738	4
4739	6
4740	3
4741	4
4742	4
4743	4
4744	3
4745	4
4746	5
4747	5
4748	5
4749	4
4750	5
4751	5
4752	2
4753	4
4754	3
4755	3
4756	2
4757	3
4758	5
4759	8
4760	12
4761	9
4762	7
4763	5
4764	0
4765	2
4766	2
4767	4
4768	3
4769	7
4770	7
4771	10
4772	8
4773	5
4774	6
4775	9
4776	3
4777	6
4778	5
4779	12
4780	5
4781	5
4782	3
4783	3
4784	2
4785	4
4786	2
4787	5
4788	4
4789	4
4790	8
4791	5
4792	5
4793	7
4794	6
4795	7
4796	4
4797	3
4798	5
4799	6
4800	0
4801	2
4802	3
4803	5
4804	2
4805	2
4806	4
4807	3
4808	4
4809	4
4810	5
4811	6
4812	9
4813	8
4814	6
4815	7
4816	6
4817	8
4818	4
4819	8
4820	4
4821	5
4822	8
4823	9
4824	7
4825	7
4826	6
4827	8
4828	3
4829	2
4830	4
4831	6
4832	2
4833	0
4834	3
4835	3
4836	0
4837	2
4838	3
4839	2
4840	2
4841	2
4842	7
4843	4
4844	6
4845	4
4846	7
4847	4
4848	4
4849	2
4850	5
4851	2
4852	2
4853	0
4854	4
4855	4
4856	8
4857	4
4858	6
4859	7
4860	4
4861	2
4862	3
4863	4
4864	8
4865	6
4866	5
4867	5
4868	6
4869	3
4870	4
4871	5
4872	4
4873	2
4874	3
4875	4
4876	4
4877	2
4878	4
4879	4
4880	3
4881	3
4882	3
4883	3
4884	2
4885	3
4886	5
4887	4
4888	3
4889	2
4890	3
4891	2
4892	0
4893	4
4894	4
4895	3
4896	3
4897	4
4898	4
4899	2
4900	0
4901	2
4902	6
4903	5
4904	5
4905	6
4906	3
4907	3
4908	5
4909	8
4910	7
4911	3
4912	3
4913	5
4914	4
4915	0
4916	2
4917	5
4918	8
4919	6
4920	5
4921	8
4922	7
4923	7
4924	6
4925	7
4926	6
4927	6
4928	6
4929	8
4930	8
4931	5
4932	6
4933	9
4934	10
4935	4
4936	7
4937	9
4938	8
4939	6
4940	6
4941	8
4942	7
4943	3
4944	4
4945	7
4946	5
4947	3
4948	3
4949	6
4950	3
4951	2
4952	2
4953	6
4954	5
4955	4
4956	2
4957	9
4958	2
4959	2
4960	4
4961	3
4962	3
4963	2
4964	2
4965	5
4966	3
4967	2
4968	0
4969	5
4970	4
4971	2
4972	3
4973	7
4974	4
4975	2
4976	3
4977	10
4978	4
4979	3
4980	5
4981	7
4982	4
4983	3
4984	4
4985	7
4986	9
4987	5
4988	6
4989	6
4990	9
4991	7
4992	7
4993	10
4994	6
4995	2
4996	3
4997	5
4998	5
4999	3
5000	0
5001	4
5002	6
5003	4
5004	4
5005	4
5006	7
5007	2
5008	4
5009	4
5010	6
5011	4
5012	2
5013	6
5014	6
5015	2
5016	2
5017	5
5018	4
5019	0
5020	2
5021	5
5022	4
5023	2
5024	3
5025	8
5026	10
5027	4
5028	4
5029	8
5030	6
5031	6
5032	2
5033	6
5034	7
5035	5
5036	5
5037	6
5038	5
5039	4
5040	5
5041	6
5042	6
5043	3
5044	2
5045	0
5046	6
5047	2
5048	2
5049	4
5050	0
5051	2
5052	6
5053	6
5054	5
5055	2
5056	4
5057	7
5058	3
5059	3
5060	4
5061	7
5062	2
5063	2
5064	6
5065	7
5066	4
5067	4
5068	6
5069	8
5070	6
5071	4
5072	4
5073	9
5074	5
5075	4
5076	6
5077	8
5078	9
5079	4
5080	6
5081	8
5082	5
5083	5
5084	4
5085	6
5086	5
5087	6
5088	2
5089	3
5090	5
5091	0
5092	4
5093	4
5094	3
5095	3
5096	3
5097	6
5098	3
5099	2
5100	3
5101	5
5102	2
5103	3
5104	2
5105	5
5106	2
5107	0
5108	4
5109	6
5110	4
5111	4
5112	6
5113	6
5114	4
5115	3
5116	4
5117	6
5118	3
5119	3
5120	5
5121	6
5122	7
5123	4
5124	6
5125	6
5126	6
5127	4
5128	5
5129	8
5130	4
5131	3
5132	3
5133	8
5134	5
5135	2
5136	5
5137	8
5138	8
5139	5
5140	5
5141	5
5142	5
5143	6
5144	4
5145	8
5146	2
5147	2
5148	6
5149	11
5150	7
5151	4
5152	7
5153	8
5154	8
5155	6
5156	9
5157	7
5158	7
5159	9
5160	9
5161	9
5162	5
5163	7
5164	10
5165	6
5166	3
5167	2
5168	3
5169	2
5170	2
5171	4
5172	3
5173	8
5174	8
5175	7
5176	7
5177	10
5178	10
5179	6
5180	9
5181	8
5182	5
5183	5
5184	7
5185	10
5186	10
5187	4
5188	4
5189	4
5190	4
5191	6
5192	6
5193	8
5194	7
5195	4
5196	4
5197	9
5198	4
5199	5
5200	7
5201	2
5202	2
5203	4
5204	4
5205	4
5206	0
5207	2
5208	3
5209	2
5210	0
5211	5
5212	5
5213	2
5214	2
5215	2
5216	2
5217	5
5218	2
5219	4
5220	5
5221	8
5222	4
5223	3
5224	9
5225	6
5226	6
5227	6
5228	8
5229	8
5230	5
5231	5
5232	8
5233	8
5234	8
5235	6
5236	7
5237	8
5238	8
5239	4
5240	7
5241	4
5242	2
5243	2
5244	3
5245	2
5246	2
5247	3
5248	6
5249	4
5250	3
5251	6
5252	4
5253	9
5254	3
5255	4
5256	6
5257	4
5258	3
5259	7
5260	6
5261	7
5262	6
5263	4
5264	7
5265	7
5266	2
5267	5
5268	6
5269	8
5270	4
5271	3
5272	6
5273	7
5274	2
5275	4
5276	5
5277	7
5278	7
5279	3
5280	0
5281	7
5282	2
5283	3
5284	7
5285	7
5286	4
5287	5
5288	7
5289	7
5290	3
5291	4
5292	7
5293	5
5294	2
5295	0
5296	3
5297	2
5298	3
5299	0
5300	4
5301	4
5302	0
5303	0
5304	6
5305	10
5306	4
5307	3
5308	3
5309	3
5310	3
5311	2
5312	4
5313	6
5314	5
5315	5
5316	4
5317	6
5318	3
5319	5
5320	2
5321	5
5322	3
5323	2
5324	2
5325	3
5326	0
5327	4
5328	5
5329	5
5330	4
5331	6
5332	3
5333	2
5334	8
5335	3
5336	4
5337	2
5338	4
5339	2
5340	8
5341	10
5342	4
5343	4
5344	8
5345	8
5346	5
5347	7
5348	7
5349	9
5350	6
5351	4
5352	6
5353	8
5354	4
5355	4
5356	8
5357	9
5358	5
5359	7
5360	7
5361	6
5362	4
5363	4
5364	8
5365	6
5366	3
5367	5
5368	5
5369	4
5370	2
5371	3
5372	4
5373	5
5374	4
5375	2
5376	5
5377	6
5378	5
5379	5
5380	7
5381	6
5382	7
5383	6
5384	7
5385	8
5386	4
5387	3
5388	4
5389	2
5390	5
5391	3
5392	6
5393	7
5394	10
5395	4
5396	5
5397	5
5398	2
5399	2
5400	5
5401	10
5402	4
5403	0
5404	0
5405	9
5406	5
5407	6
5408	5
5409	9
5410	3
5411	6
5412	7
5413	10
5414	6
5415	7
5416	14
5417	9
5418	5
5419	7
5420	10
5421	8
5422	3
5423	4
5424	6
5425	6
5426	0
5427	3
5428	4
5429	0
5430	2
5431	3
5432	5
5433	7
5434	5
5435	4
5436	3
5437	3
5438	4
5439	2
5440	5
5441	8
5442	3
5443	6
5444	8
5445	5
5446	7
5447	7
5448	6
5449	5
5450	5
5451	6
5452	6
5453	8
5454	3
5455	4
5456	8
5457	7
5458	2
5459	3
5460	2
5461	7
5462	4
5463	4
5464	8
5465	9
5466	5
5467	6
5468	7
5469	7
5470	4
5471	5
5472	8
5473	10
5474	5
5475	6
5476	5
5477	7
5478	5
5479	4
5480	2
5481	4
5482	4
5483	0
5484	5
5485	6
5486	3
5487	6
5488	0
5489	4
5490	4
5491	4
5492	4
5493	4
5494	6
5495	4
5496	5
5497	4
5498	5
5499	4
5500	4
5501	5
5502	5
5503	7
5504	8
5505	9
5506	6
5507	5
5508	10
5509	7
5510	3
5511	4
5512	5
5513	2
5514	2
5515	2
5516	5
5517	4
5518	2
5519	3
5520	2
5521	2
5522	5
5523	3
5524	8
5525	6
5526	0
5527	4
5528	7
5529	10
5530	7
5531	6
5532	6
5533	9
5534	3
5535	3
5536	4
5537	6
5538	0
5539	2
5540	6
5541	7
5542	5
5543	5
5544	5
5545	8
5546	6
5547	12
5548	8
5549	9
5550	3
5551	5
5552	3
5553	4
5554	5
5555	6
5556	8
5557	8
5558	5
5559	4
5560	2
5561	2
5562	4
5563	6
5564	5
5565	4
5566	6
5567	6
5568	5
5569	6
5570	7
5571	4
5572	2
5573	8
5574	5
5575	6
5576	7
5577	10
5578	7
5579	3
5580	7
5581	5
5582	0
5583	0
5584	5
5585	8
5586	6
5587	9
5588	4
5589	4
5590	5
5591	6
5592	9
5593	8
5594	2
5595	3
5596	4
5597	9
5598	7
5599	12
5600	6
5601	8
5602	8
5603	12
5604	10
5605	11
5606	5
5607	7
5608	9
5609	10
5610	4
5611	3
5612	4
5613	3
5614	3
5615	4
5616	5
5617	8
5618	6
5619	9
5620	9
5621	11
5622	5
5623	3
5624	6
5625	8
5626	5
5627	6
5628	3
5629	5
5630	0
5631	0
5632	7
5633	9
5634	5
5635	7
5636	6
5637	6
5638	2
5639	5
5640	4
5641	7
5642	6
5643	5
5644	3
5645	3
5646	3
5647	3
5648	4
5649	7
5650	6
5651	5
5652	3
5653	9
5654	4
5655	4
5656	5
5657	6
5658	5
5659	2
5660	3
5661	6
5662	8
5663	5
5664	9
5665	8
5666	7
5667	8
5668	14
5669	10
5670	4
5671	5
5672	5
5673	3
5674	3
5675	3
5676	5
5677	6
5678	2
5679	2
5680	4
5681	10
5682	6
5683	5
5684	7
5685	11
5686	6
5687	3
5688	4
5689	11
5690	10
5691	8
5692	5
5693	6
5694	0
5695	2
5696	5
5697	6
5698	6
5699	6
5700	8
5701	7
5702	2
5703	5
5704	5
5705	7
5706	3
5707	2
5708	6
5709	7
5710	4
5711	4
5712	8
5713	7
5714	8
5715	8
5716	11
5717	12
5718	8
5719	4
5720	6
5721	5
5722	7
5723	6
5724	7
5725	5
5726	3
5727	7
5728	8
5729	5
5730	7
5731	3
5732	3
5733	6
5734	9
5735	9
5736	10
5737	6
5738	5
5739	6
5740	7
5741	3
5742	2
5743	4
5744	9
5745	5
5746	6
5747	0
5748	6
5749	2
5750	4
5751	3
5752	3
5753	4
5754	7
5755	6
5756	3
5757	4
5758	4
5759	3
5760	3
5761	5
5762	4
5763	3
5764	4
5765	5
5766	6
5767	6
5768	7
5769	3
5770	0
5771	4
5772	4
5773	4
5774	5
5775	7
5776	12
5777	7
5778	5
5779	7
5780	2
5781	3
5782	4
5783	2
5784	4
5785	8
5786	4
5787	5
5788	8
5789	5
5790	5
5791	0
5792	4
5793	3
5794	3
5795	5
5796	6
5797	4
5798	6
5799	7
5800	11
5801	10
5802	5
5803	7
5804	8
5805	3
5806	4
5807	4
5808	7
5809	6
5810	10
5811	7
5812	5
5813	4
5814	9
5815	10
5816	6
5817	5
5818	2
5819	3
5820	3
5821	5
5822	4
5823	4
5824	2
5825	3
5826	3
5827	9
5828	5
5829	5
5830	5
5831	7
5832	7
5833	7
5834	8
5835	10
5836	5
5837	5
5838	5
5839	3
5840	0
5841	2
5842	4
5843	8
5844	8
5845	6
5846	7
5847	11
5848	7
5849	5
5850	2
5851	0
5852	2
5853	4
5854	9
5855	8
5856	5
5857	3
5858	3
5859	0
5860	4
5861	5
5862	8
5863	4
5864	3
5865	4
5866	2
5867	6
5868	5
5869	6
5870	2
5871	4
5872	6
5873	5
5874	7
5875	9
5876	5
5877	3
5878	2
5879	7
5880	5
5881	4
5882	3
5883	3
5884	4
5885	4
5886	4
5887	5
5888	2
5889	2
5890	0
5891	3
5892	4
5893	2
5894	7
5895	12
5896	6
5897	7
5898	7
5899	5
5900	0
5901	4
5902	4
5903	8
5904	6
5905	4
5906	5
5907	7
5908	5
5909	8
5910	6
5911	6
5912	2
5913	0
5914	2
5915	3
5916	4
5917	4
5918	4
5919	5
5920	4
5921	6
5922	5
5923	4
5924	3
5925	2
5926	4
5927	5
5928	4
5929	5
5930	6
5931	4
5932	2
5933	3
5934	3
5935	0
5936	3
5937	3
5938	4
5939	4
5940	2
5941	4
5942	3
5943	9
5944	8
5945	13
5946	11
5947	17
5948	15
5949	14
5950	13
5951	2
5952	3
5953	5
5954	2
5955	3
5956	4
5957	3
5958	5
5959	5
5960	4
5961	4
5962	2
5963	6
5964	8
5965	8
5966	5
5967	9
5968	2
5969	2
5970	3
5971	2
5972	5
5973	6
5974	6
5975	9
5976	6
5977	6
5978	6
5979	10
5980	3
5981	3
5982	3
5983	3
5984	0
5985	3
5986	8
5987	8
5988	2
5989	0
5990	0
5991	5
5992	5
5993	6
5994	3
5995	4
5996	2
5997	5
5998	4
5999	2
6000	6
6001	9
6002	10
6003	4
6004	4
6005	5
6006	6
6007	6
6008	6
6009	6
6010	3
6011	6
6012	4
6013	2
6014	5
6015	6
6016	6
6017	6
6018	5
6019	3
6020	2
6021	4
6022	4
6023	7
6024	7
6025	5
6026	3
6027	5
6028	3
6029	2
6030	2
6031	5
6032	4
6033	4
6034	4
6035	8
6036	3
6037	5
6038	4
6039	6
6040	2
6041	3
6042	3
6043	5
6044	2
6045	4
6046	2
6047	6
6048	4
6049	2
6050	0
6051	4
6052	0
6053	2
6054	4
6055	4
6056	3
6057	2
6058	4
6059	6
6060	3
6061	5
6062	6
6063	6
6064	6
6065	9
6066	7
6067	8
6068	11
6069	11
6070	4
6071	8
6072	6
6073	6
6074	7
6075	8
6076	7
6077	6
6078	7
6079	8
6080	3
6081	5
6082	5
6083	3
6084	2
6085	3
6086	2
6087	7
6088	2
6089	3
6090	2
6091	10
6092	14
6093	3
6094	5
6095	10
6096	3
6097	0
6098	3
6099	6
6100	10
6101	0
6102	4
6103	8
6104	4
6105	9
6106	9
6107	10
6108	5
6109	11
6110	7
6111	8
6112	9
6113	8
6114	7
6115	8
6116	6
6117	6
6118	5
6119	8
6120	3
6121	4
6122	3
6123	5
6124	2
6125	0
6126	2
6127	5
6128	5
6129	4
6130	5
6131	10
6132	5
6133	5
6134	7
6135	5
6136	4
6137	5
6138	6
6139	6
6140	3
6141	2
6142	2
6143	3
6144	3
6145	2
6146	4
6147	10
6148	5
6149	6
6150	2
6151	3
6152	3
6153	8
6154	4
6155	7
6156	6
6157	7
6158	6
6159	5
6160	7
6161	7
6162	7
6163	4
6164	5
6165	5
6166	3
6167	2
6168	3
6169	3
6170	0
6171	0
6172	2
6173	0
6174	5
6175	5
6176	0
6177	4
6178	6
6179	6
6180	3
6181	6
6182	4
6183	2
6184	2
6185	0
6186	6
6187	7
6188	2
6189	3
6190	3
6191	2
6192	3
6193	3
6194	3
6195	4
6196	3
6197	4
6198	7
6199	5
6200	8
6201	7
6202	3
6203	3
6204	2
6205	0
6206	5
6207	6
6208	5
6209	6
6210	5
6211	7
6212	3
6213	5
6214	6
6215	6
6216	5
6217	6
6218	6
6219	10
6220	3
6221	4
6222	6
6223	7
6224	2
6225	6
6226	5
6227	4
6228	3
6229	3
6230	5
6231	9
6232	9
6233	5
6234	5
6235	7
6236	5
6237	5
6238	4
6239	3
6240	4
6241	3
6242	3
6243	2
6244	4
6245	5
6246	12
6247	4
6248	6
6249	6
6250	7
6251	4
6252	3
6253	4
6254	3
6255	2
6256	2
6257	5
6258	10
6259	3
6260	2
6261	3
6262	3
6263	2
6264	2
6265	5
6266	0
6267	2
6268	2
6269	2
6270	2
6271	2
6272	2
6273	2
6274	3
6275	2
6276	3
6277	3
6278	3
6279	3
6280	3
6281	4
6282	3
6283	3
6284	5
6285	4
6286	2
6287	4
6288	6
6289	6
6290	4
6291	5
6292	3
6293	3
6294	3
6295	2
6296	5
6297	6
6298	2
6299	3
6300	3
6301	4
6302	2
6303	3
6304	5
6305	4
6306	2
6307	3
6308	2
6309	4
6310	2
6311	3
6312	3
6313	3
6314	2
6315	2
6316	5
6317	3
6318	2
6319	3
6320	5
6321	5
6322	3
6323	4
6324	6
6325	5
6326	3
6327	3
6328	4
6329	2
6330	2
6331	3
6332	6
6333	4
6334	2
6335	3
6336	5
6337	6
6338	4
6339	4
6340	7
6341	6
6342	4
6343	7
6344	8
6345	9
6346	5
6347	6
6348	9
6349	7
6350	5
6351	5
6352	7
6353	8
6354	5
6355	8
6356	9
6357	11
6358	4
6359	9
6360	9
6361	9
6362	4
6363	5
6364	5
6365	3
6366	3
6367	4
6368	9
6369	6
6370	0
6371	2
6372	4
6373	2
6374	0
6375	2
6376	5
6377	3
6378	3
6379	5
6380	6
6381	6
6382	5
6383	6
6384	5
6385	4
6386	3
6387	5
6388	5
6389	5
6390	2
6391	3
6392	8
6393	5
6394	3
6395	4
6396	7
6397	6
6398	3
6399	4
6400	6
6401	5
6402	3
6403	7
6404	6
6405	5
6406	4
6407	4
6408	7
6409	5
6410	0
6411	4
6412	5
6413	6
6414	4
6415	5
6416	3
6417	2
6418	4
6419	4
6420	4
6421	3
6422	3
6423	5
6424	5
6425	5
6426	3
6427	8
6428	7
6429	5
6430	4
6431	4
6432	5
6433	4
6434	3
6435	3
6436	4
6437	4
6438	3
6439	4
6440	2
6441	0
6442	3
6443	4
6444	3
6445	4
6446	4
6447	6
6448	7
6449	6
6450	5
6451	5
6452	8
6453	7
6454	6
6455	8
6456	7
6457	5
6458	4
6459	2
6460	6
6461	8
6462	7
6463	8
6464	6
6465	7
6466	4
6467	5
6468	5
6469	5
6470	3
6471	4
6472	5
6473	4
6474	2
6475	4
6476	5
6477	6
6478	3
6479	2
6480	5
6481	8
6482	2
6483	6
6484	4
6485	3
6486	2
6487	4
6488	6
6489	3
6490	3
6491	5
6492	6
6493	4
6494	5
6495	4
6496	6
6497	2
6498	3
6499	5
6500	7
6501	8
6502	5
6503	7
6504	9
6505	4
6506	6
6507	5
6508	7
6509	3
6510	5
6511	7
6512	6
6513	6
6514	5
6515	7
6516	7
6517	7
6518	4
6519	3
6520	5
6521	6
6522	4
6523	5
6524	4
6525	2
6526	3
6527	3
6528	7
6529	5
6530	0
6531	2
6532	3
6533	5
6534	3
6535	2
6536	2
6537	2
6538	3
6539	6
6540	5
6541	2
6542	2
6543	3
6544	7
6545	2
6546	3
6547	3
6548	6
6549	7
6550	6
6551	6
6552	7
6553	6
6554	6
6555	5
6556	7
6557	3
6558	3
6559	4
6560	7
6561	3
6562	3
6563	4
6564	6
6565	3
6566	5
6567	2
6568	6
6569	3
6570	5
6571	5
6572	6
6573	6
6574	3
6575	6
6576	6
6577	3
6578	3
6579	7
6580	6
6581	5
6582	5
6583	4
6584	6
6585	3
6586	5
6587	6
6588	6
6589	6
6590	6
6591	6
6592	8
6593	5
6594	5
6595	6
6596	6
6597	6
6598	6
6599	5
6600	6
6601	4
6602	6
6603	4
6604	7
6605	7
6606	4
6607	4
6608	8
6609	8
6610	4
6611	4
6612	6
6613	8
6614	5
6615	4
6616	6
6617	4
6618	5
6619	6
6620	6
6621	7
6622	5
6623	6
6624	5
6625	8
6626	4
6627	2
6628	3
6629	4
6630	3
6631	5
6632	4
6633	5
6634	5
6635	6
6636	9
6637	7
6638	5
6639	6
6640	9
6641	6
6642	6
6643	4
6644	7
6645	2
6646	4
6647	4
6648	4
6649	8
6650	6
6651	4
6652	6
6653	7
6654	6
6655	7
6656	8
6657	8
6658	6
6659	5
6660	4
6661	3
6662	3
6663	5
6664	4
6665	5
6666	3
6667	4
6668	5
6669	4
6670	2
6671	2
6672	6
6673	5
6674	3
6675	3
6676	3
6677	3
6678	4
6679	6
6680	6
6681	7
6682	7
6683	5
6684	6
6685	4
6686	4
6687	4
6688	7
6689	5
6690	4
6691	5
6692	7
6693	10
6694	6
6695	6
6696	9
6697	6
6698	6
6699	6
6700	8
6701	9
6702	5
6703	7
6704	6
6705	5
6706	3
6707	2
6708	4
6709	6
6710	6
6711	7
6712	13
6713	7
6714	3
6715	4
6716	2
6717	3
6718	3
6719	2
6720	4
6721	5
6722	5
6723	5
6724	5
6725	0
6726	3
6727	4
6728	4
6729	2
6730	2
6731	6
6732	8
6733	3
6734	7
6735	10
6736	7
6737	4
6738	8
6739	4
6740	6
6741	2
6742	3
6743	5
6744	3
6745	0
6746	2
6747	2
6748	3
6749	5
6750	3
6751	6
6752	6
6753	5
6754	4
6755	6
6756	3
6757	2
6758	0
6759	6
6760	3
6761	3
6762	5
6763	7
6764	7
6765	4
6766	5
6767	8
6768	7
6769	5
6770	5
6771	7
6772	5
6773	6
6774	5
6775	6
6776	6
6777	2
6778	4
6779	4
6780	2
6781	2
6782	2
6783	5
6784	6
6785	4
6786	2
6787	3
6788	0
6789	2
6790	5
6791	12
6792	6
6793	4
6794	4
6795	5
6796	5
6797	3
6798	7
6799	6
6800	7
6801	3
6802	2
6803	2
6804	2
6805	6
6806	5
6807	7
6808	5
6809	3
6810	5
6811	13
6812	10
6813	4
6814	3
6815	6
6816	5
6817	4
6818	3
6819	4
6820	5
6821	4
6822	7
6823	8
6824	7
6825	4
6826	7
6827	4
6828	8
6829	6
6830	3
6831	5
6832	3
6833	0
6834	2
6835	3
6836	3
6837	3
6838	5
6839	9
6840	9
6841	5
6842	7
6843	7
6844	7
6845	5
6846	3
6847	6
6848	7
6849	4
6850	6
6851	7
6852	4
6853	4
6854	3
6855	6
6856	7
6857	2
6858	4
6859	6
6860	5
6861	7
6862	5
6863	7
6864	8
6865	3
6866	4
6867	3
6868	4
6869	7
6870	3
6871	9
6872	4
6873	3
6874	0
6875	4
6876	8
6877	9
6878	3
6879	13
6880	10
6881	7
6882	4
6883	4
6884	0
6885	3
6886	4
6887	8
6888	5
6889	5
6890	7
6891	8
6892	8
6893	4
6894	6
6895	5
6896	7
6897	2
6898	4
6899	5
6900	3
6901	2
6902	2
6903	2
6904	4
6905	5
6906	3
6907	3
6908	5
6909	5
6910	2
6911	6
6912	7
6913	7
6914	6
6915	10
6916	3
6917	9
6918	6
6919	4
6920	2
6921	5
6922	6
6923	7
6924	5
6925	6
6926	4
6927	6
6928	9
6929	8
6930	5
6931	4
6932	4
6933	4
6934	7
6935	7
6936	10
6937	3
6938	2
6939	5
6940	6
6941	2
6942	4
6943	3
6944	0
6945	3
6946	2
6947	13
6948	8
6949	3
6950	6
6951	4
6952	3
6953	3
6954	0
6955	8
6956	7
6957	4
6958	5
6959	7
6960	6
6961	2
6962	5
6963	6
6964	2
6965	2
6966	0
6967	3
6968	7
6969	3
6970	6
6971	8
6972	10
6973	9
6974	5
6975	6
6976	8
6977	4
6978	4
6979	7
6980	6
6981	2
6982	4
6983	3
6984	5
6985	5
6986	7
6987	6
6988	5
6989	6
6990	6
6991	11
6992	7
6993	6
6994	7
6995	10
6996	7
6997	6
6998	7
6999	6
7000	8
7001	5
7002	7
7003	8
7004	6
7005	5
7006	4
7007	3
7008	4
7009	3
7010	5
7011	10
7012	11
7013	9
7014	7
7015	3
7016	7
7017	3
7018	7
7019	10
7020	4
7021	6
7022	5
7023	7
7024	6
7025	5
7026	4
7027	4
7028	5
7029	3
7030	3
7031	9
7032	5
7033	4
7034	5
7035	4
7036	3
7037	3
7038	3
7039	3
7040	7
7041	3
7042	5
7043	5
7044	9
7045	9
7046	13
7047	6
7048	10
7049	4
7050	3
7051	5
7052	8
7053	5
7054	8
7055	8
7056	7
7057	2
7058	2
7059	3
7060	0
7061	2
7062	2
7063	7
7064	0
7065	0
7066	3
7067	3
7068	4
7069	4
7070	7
7071	7
7072	4
7073	4
7074	3
7075	4
7076	2
7077	3
7078	5
7079	6
7080	11
7081	4
7082	6
7083	6
7084	5
7085	4
7086	0
7087	2
7088	0
7089	3
7090	0
7091	4
7092	9
7093	3
7094	3
7095	7
7096	8
7097	3
7098	2
7099	3
7100	2
7101	4
7102	0
7103	3
7104	2
7105	2
7106	3
7107	3
7108	4
7109	3
7110	3
7111	2
7112	4
7113	4
7114	4
7115	4
7116	4
7117	2
7118	4
7119	2
7120	3
7121	2
7122	4
7123	5
7124	4
7125	4
7126	2
7127	2
7128	4
7129	7
7130	7
7131	11
7132	9
7133	3
7134	2
7135	4
7136	4
7137	5
7138	2
7139	2
7140	5
7141	4
7142	5
7143	4
7144	4
7145	2
7146	2
7147	3
7148	4
7149	4
7150	5
7151	7
7152	7
7153	5
7154	9
7155	11
7156	9
7157	6
7158	3
7159	3
7160	3
7161	2
7162	0
7163	3
7164	2
7165	3
7166	5
7167	8
7168	8
7169	9
7170	11
7171	12
7172	5
7173	5
7174	5
7175	6
7176	9
7177	4
7178	4
7179	9
7180	4
7181	6
7182	7
7183	6
7184	4
7185	4
7186	2
7187	4
7188	3
7189	4
7190	4
7191	6
7192	3
7193	2
7194	6
7195	7
7196	9
7197	13
7198	9
7199	3
7200	3
7201	6
7202	3
7203	6
7204	4
7205	2
7206	2
7207	7
7208	5
7209	3
7210	3
7211	6
7212	5
7213	3
7214	8
7215	13
7216	5
7217	4
7218	4
7219	7
7220	3
7221	4
7222	4
7223	3
7224	5
7225	2
7226	4
7227	8
7228	3
7229	6
7230	6
7231	8
7232	6
7233	7
7234	7
7235	7
7236	5
7237	4
7238	3
7239	3
7240	7
7241	9
7242	13
7243	4
7244	5
7245	4
7246	6
7247	8
7248	4
7249	3
7250	4
7251	3
7252	4
7253	7
7254	6
7255	10
7256	3
7257	5
7258	5
7259	7
7260	4
7261	3
7262	4
7263	3
7264	3
7265	3
7266	5
7267	10
7268	5
7269	5
7270	6
7271	9
7272	5
7273	5
7274	3
7275	2
7276	3
7277	4
7278	5
7279	4
7280	2
7281	2
7282	5
7283	12
7284	8
7285	6
7286	4
7287	3
7288	6
7289	6
7290	4
7291	4
7292	4
7293	3
7294	2
7295	8
7296	8
7297	8
7298	6
7299	6
7300	2
7301	3
7302	7
7303	8
7304	2
7305	2
7306	0
7307	4
7308	3
7309	7
7310	6
7311	9
7312	5
7313	5
7314	6
7315	9
7316	7
7317	6
7318	4
7319	4
7320	3
7321	2
7322	2
7323	5
7324	3
7325	3
7326	0
7327	2
7328	0
7329	3
7330	3
7331	6
7332	6
7333	6
7334	8
7335	9
7336	6
7337	4
7338	4
7339	6
7340	4
7341	5
7342	3
7343	5
7344	3
7345	2
7346	4
7347	8
7348	7
7349	3
7350	4
7351	8
7352	3
7353	3
7354	9
7355	14
7356	8
7357	4
7358	3
7359	7
7360	3
7361	2
7362	5
7363	6
7364	2
7365	3
7366	2
7367	7
7368	11
7369	5
7370	6
7371	4
7372	2
7373	2
7374	5
7375	4
7376	4
7377	2
7378	0
7379	0
7380	3
7381	2
7382	4
7383	6
7384	7
7385	10
7386	8
7387	9
7388	7
7389	5
7390	2
7391	4
7392	3
7393	4
7394	3
7395	3
7396	2
7397	3
7398	3
7399	8
7400	10
7401	10
7402	5
7403	4
7404	4
7405	7
7406	6
7407	10
7408	6
7409	5
7410	3
7411	7
7412	6
7413	9
7414	7
7415	7
7416	4
7417	3
7418	0
7419	7
7420	5
7421	7
7422	7
7423	7
7424	6
7425	7
7426	4
7427	6
7428	0
7429	0
7430	2
7431	4
7432	3
7433	3
7434	2
7435	0
7436	4
7437	3
7438	4
7439	6
7440	5
7441	3
7442	2
7443	5
7444	3
7445	8
7446	4
7447	10
7448	7
7449	5
7450	6
7451	11
7452	7
7453	5
7454	6
7455	8
7456	3
7457	5
7458	5
7459	4
7460	3
7461	4
7462	3
7463	3
7464	0
7465	3
7466	5
7467	5
7468	3
7469	0
7470	3
7471	2
7472	2
7473	2
7474	3
7475	0
7476	2
7477	3
7478	3
7479	2
7480	2
7481	4
7482	6
7483	4
7484	3
7485	4
7486	7
7487	5
7488	4
7489	7
7490	0
7491	2
7492	2
7493	4
7494	4
7495	4
7496	2
7497	3
7498	5
7499	4
7500	3
7501	0
7502	4
7503	8
7504	10
7505	11
7506	12
7507	8
7508	5
7509	9
7510	8
7511	11
7512	6
7513	10
7514	6
7515	10
7516	5
7517	6
7518	3
7519	2
7520	3
7521	3
7522	3
7523	8
7524	4
7525	7
7526	4
7527	5
7528	2
7529	2
7530	5
7531	5
7532	6
7533	12
7534	10
7535	6
7536	4
7537	9
7538	9
7539	3
7540	4
7541	2
7542	4
7543	6
7544	4
7545	3
7546	2
7547	2
7548	3
7549	2
7550	7
7551	7
7552	4
7553	7
7554	4
7555	4
7556	2
7557	5
7558	7
7559	5
7560	5
7561	10
7562	5
7563	9
7564	8
7565	9
7566	4
7567	4
7568	4
7569	2
7570	2
7571	2
7572	3
7573	6
7574	8
7575	9
7576	10
7577	10
7578	7
7579	8
7580	6
7581	9
7582	10
7583	13
7584	6
7585	11
7586	8
7587	6
7588	6
7589	7
7590	4
7591	2
7592	2
7593	12
7594	7
7595	3
7596	5
7597	7
7598	4
7599	2
7600	5
7601	8
7602	3
7603	3
7604	0
7605	2
7606	3
7607	2
7608	4
7609	8
7610	8
7611	5
7612	7
7613	9
7614	6
7615	8
7616	7
7617	11
7618	4
7619	6
7620	6
7621	6
7622	3
7623	4
7624	4
7625	6
7626	5
7627	5
7628	5
7629	3
7630	3
7631	3
7632	4
7633	4
7634	3
7635	3
7636	4
7637	7
7638	8
7639	8
7640	5
7641	9
7642	7
7643	7
7644	7
7645	11
7646	4
7647	5
7648	4
7649	5
7650	2
7651	4
7652	4
7653	6
7654	3
7655	4
7656	4
7657	3
7658	4
7659	2
7660	3
7661	6
7662	3
7663	5
7664	4
7665	3
7666	0
7667	4
7668	3
7669	5
7670	2
7671	3
7672	4
7673	5
7674	2
7675	5
7676	5
7677	7
7678	4
7679	4
7680	5
7681	7
7682	4
7683	3
7684	4
7685	7
7686	4
7687	4
7688	3
7689	5
7690	2
7691	2
7692	2
7693	8
7694	6
7695	7
7696	6
7697	13
7698	11
7699	4
7700	7
7701	7
7702	4
7703	2
7704	0
7705	6
7706	6
7707	7
7708	10
7709	6
7710	6
7711	7
7712	6
7713	8
7714	5
7715	5
7716	6
7717	7
7718	5
7719	5
7720	2
7721	5
7722	3
7723	6
7724	4
7725	3
7726	6
7727	3
7728	4
7729	3
7730	5
7731	5
7732	4
7733	4
7734	2
7735	0
7736	7
7737	9
7738	3
7739	4
7740	10
7741	6
7742	5
7743	9
7744	5
7745	9
7746	5
7747	7
7748	6
7749	7
7750	2
7751	5
7752	4
7753	2
7754	2
7755	2
7756	4
7757	0
7758	3
7759	4
7760	5
7761	4
7762	2
7763	3
7764	3
7765	5
7766	2
7767	2
7768	4
7769	2
7770	2
7771	3
7772	5
7773	3
7774	2
7775	4
7776	6
7777	4
7778	4
7779	2
7780	4
7781	5
7782	4
7783	5
7784	3
7785	0
7786	2
7787	2
7788	4
7789	4
7790	3
7791	4
7792	5
7793	4
7794	2
7795	2
7796	3
7797	6
7798	0
7799	0
7800	7
7801	3
7802	3
7803	3
7804	3
7805	3
7806	2
7807	3
7808	4
7809	3
7810	3
7811	4
7812	3
7813	4
7814	2
7815	2
7816	0
7817	3
7818	6
7819	8
7820	8
7821	10
7822	7
7823	7
7824	6
7825	7
7826	6
7827	7
7828	11
7829	5
7830	8
7831	6
7832	7
7833	9
7834	5
7835	6
7836	4
7837	5
7838	2
7839	2
7840	0
7841	4
7842	4
7843	4
7844	8
7845	7
7846	6
7847	9
7848	3
7849	4
7850	4
7851	5
7852	7
7853	8
7854	5
7855	7
7856	9
7857	7
7858	5
7859	7
7860	9
7861	5
7862	4
7863	8
7864	11
7865	6
7866	7
7867	8
7868	8
7869	7
7870	4
7871	5
7872	2
7873	0
7874	2
7875	0
7876	4
7877	2
7878	2
7879	10
7880	5
7881	6
7882	3
7883	6
7884	7
7885	3
7886	3
7887	3
7888	10
7889	3
7890	3
7891	5
7892	6
7893	2
7894	3
7895	5
7896	7
7897	6
7898	5
7899	7
7900	8
7901	7
7902	5
7903	7
7904	8
7905	5
7906	4
7907	11
7908	9
7909	6
7910	7
7911	9
7912	8
7913	5
7914	5
7915	8
7916	8
7917	2
7918	2
7919	5
7920	4
7921	3
7922	5
7923	4
7924	0
7925	2
7926	5
7927	4
7928	5
7929	5
7930	6
7931	7
7932	6
7933	4
7934	7
7935	7
7936	2
7937	3
7938	5
7939	5
7940	2
7941	2
7942	2
7943	2
7944	3
7945	2
7946	4
7947	0
7948	2
7949	4
7950	6
7951	7
7952	2
7953	4
7954	6
7955	4
7956	3
7957	4
7958	5
7959	3
7960	0
7961	3
7962	7
7963	7
7964	3
7965	6
7966	7
7967	4
7968	5
7969	4
7970	5
7971	3
7972	2
7973	4
7974	5
7975	3
7976	0
7977	3
7978	4
7979	0
7980	0
7981	3
7982	4
7983	2
7984	2
7985	3
7986	3
7987	3
7988	0
7989	2
7990	5
7991	7
7992	7
7993	7
7994	4
7995	6
7996	4
7997	3
7998	3
7999	6
8000	0
8001	0
8002	3
8003	5
8004	8
8005	5
8006	4
8007	6
8008	4
8009	5
8010	5
8011	6
8012	4
8013	5
8014	7
8015	7
8016	3
8017	3
8018	4
8019	3
8020	2
8021	4
8022	4
8023	2
8024	0
8025	0
8026	4
8027	3
8028	3
8029	3
8030	6
8031	5
8032	3
8033	4
8034	6
8035	4
8036	4
8037	4
8038	6
8039	2
8040	2
8041	2
8042	3
8043	3
8044	2
8045	4
8046	5
8047	5
8048	7
8049	6
8050	8
8051	5
8052	4
8053	5
8054	4
8055	6
8056	7
8057	2
8058	2
8059	0
8060	5
8061	6
8062	6
8063	5
8064	4
8065	7
8066	8
8067	7
8068	4
8069	5
8070	9
8071	8
8072	4
8073	7
8074	7
8075	5
8076	5
8077	2
8078	5
8079	8
8080	3
8081	4
8082	4
8083	4
8084	5
8085	6
8086	7
8087	4
8088	5
8089	5
8090	5
8091	6
8092	6
8093	5
8094	8
8095	6
8096	5
8097	5
8098	7
8099	2
8100	3
8101	0
8102	4
8103	6
8104	7
8105	4
8106	4
8107	3
8108	5
8109	2
8110	6
8111	0
8112	4
8113	7
8114	9
8115	11
8116	7
8117	6
8118	11
8119	9
8120	5
8121	6
8122	9
8123	10
8124	8
8125	11
8126	11
8127	11
8128	6
8129	7
8130	8
8131	6
8132	3
8133	4
8134	9
8135	4
8136	3
8137	2
8138	3
8139	3
8140	0
8141	2
8142	2
8143	5
8144	2
8145	7
8146	7
8147	6
8148	6
8149	3
8150	7
8151	5
8152	4
8153	0
8154	4
8155	4
8156	5
8157	6
8158	7
8159	8
8160	4
8161	7
8162	10
8163	9
8164	6
8165	6
8166	10
8167	9
8168	7
8169	7
8170	9
8171	11
8172	5
8173	6
8174	8
8175	7
8176	8
8177	10
8178	9
8179	3
8180	4
8181	5
8182	3
8183	4
8184	4
8185	6
8186	4
8187	4
8188	4
8189	9
8190	7
8191	0
8192	2
8193	4
8194	7
8195	5
8196	8
8197	6
8198	4
8199	3
8200	4
8201	4
8202	0
8203	4
8204	10
8205	7
8206	2
8207	4
8208	12
8209	6
8210	3
8211	6
8212	9
8213	9
8214	6
8215	6
8216	10
8217	8
8218	4
8219	6
8220	9
8221	8
8222	3
8223	7
8224	6
8225	8
8226	4
8227	9
8228	9
8229	7
8230	2
8231	4
8232	3
8233	2
8234	3
8235	2
8236	5
8237	4
8238	2
8239	0
8240	4
8241	5
8242	2
8243	0
8244	6
8245	6
8246	4
8247	3
8248	6
8249	2
8250	5
8251	4
8252	8
8253	4
8254	2
8255	3
8256	6
8257	9
8258	9
8259	5
8260	7
8261	5
8262	0
8263	0
8264	5
8265	4
8266	2
8267	5
8268	8
8269	4
8270	3
8271	6
8272	11
8273	9
8274	4
8275	8
8276	10
8277	10
8278	8
8279	9
8280	10
8281	10
8282	7
8283	7
8284	10
8285	5
8286	5
8287	6
8288	8
8289	7
8290	5
8291	5
8292	5
8293	5
8294	2
8295	3
8296	8
8297	6
8298	2
8299	2
8300	8
8301	5
8302	4
8303	4
8304	7
8305	9
8306	5
8307	12
8308	5
8309	9
8310	8
8311	14
8312	11
8313	11
8314	5
8315	10
8316	11
8317	7
8318	4
8319	4
8320	3
8321	0
8322	5
8323	5
8324	4
8325	7
8326	5
8327	11
8328	13
8329	9
8330	5
8331	9
8332	11
8333	5
8334	5
8335	7
8336	10
8337	8
8338	5
8339	7
8340	8
8341	9
8342	5
8343	7
8344	6
8345	5
8346	4
8347	3
8348	5
8349	2
8350	0
8351	0
8352	6
8353	9
8354	2
8355	3
8356	5
8357	9
8358	7
8359	8
8360	8
8361	12
8362	5
8363	0
8364	3
8365	3
8366	6
8367	7
8368	9
8369	11
8370	7
8371	7
8372	11
8373	10
8374	4
8375	9
8376	8
8377	8
8378	3
8379	2
8380	6
8381	9
8382	8
8383	11
8384	7
8385	7
8386	4
8387	3
8388	4
8389	5
8390	3
8391	2
8392	5
8393	6
8394	6
8395	0
8396	6
8397	4
8398	3
8399	6
8400	7
8401	5
8402	4
8403	3
8404	4
8405	2
8406	3
8407	0
8408	4
8409	4
8410	3
8411	7
8412	8
8413	11
8414	7
8415	7
8416	8
8417	4
8418	4
8419	3
8420	11
8421	13
8422	10
8423	11
8424	12
8425	13
8426	8
8427	10
8428	10
8429	10
8430	6
8431	6
8432	4
8433	2
8434	4
8435	2
8436	4
8437	8
8438	7
8439	7
8440	9
8441	5
8442	3
8443	4
8444	6
8445	9
8446	8
8447	4
8448	4
8449	3
8450	3
8451	2
8452	0
8453	3
8454	6
8455	5
8456	5
8457	9
8458	3
8459	3
8460	4
8461	5
8462	2
8463	8
8464	3
8465	7
8466	7
8467	7
8468	9
8469	9
8470	8
8471	9
8472	0
8473	6
8474	4
8475	2
8476	2
8477	6
8478	6
8479	10
8480	10
8481	10
8482	4
8483	5
8484	3
8485	2
8486	4
8487	2
8488	8
8489	6
8490	3
8491	3
8492	7
8493	8
8494	10
8495	8
8496	8
8497	8
8498	9
8499	7
8500	4
8501	4
8502	3
8503	7
8504	7
8505	5
8506	2
8507	0
8508	2
8509	7
8510	10
8511	7
8512	6
8513	8
8514	10
8515	7
8516	6
8517	7
8518	5
8519	6
8520	7
8521	6
8522	3
8523	2
8524	2
8525	9
8526	4
8527	7
8528	9
8529	7
8530	8
8531	10
8532	3
8533	2
8534	3
8535	9
8536	13
8537	13
8538	6
8539	7
8540	5
8541	3
8542	3
8543	3
8544	6
8545	4
8546	5
8547	7
8548	6
8549	5
8550	0
8551	5
8552	7
8553	7
8554	16
8555	14
8556	8
8557	6
8558	8
8559	6
8560	5
8561	0
8562	4
8563	3
8564	2
8565	3
8566	5
8567	7
8568	10
8569	12
8570	7
8571	11
8572	8
8573	3
8574	6
8575	4
8576	0
8577	2
8578	6
8579	9
8580	3
8581	6
8582	6
8583	7
8584	4
8585	2
8586	0
8587	2
8588	7
8589	4
8590	8
8591	11
8592	9
8593	9
8594	13
8595	9
8596	3
8597	6
8598	4
8599	4
8600	9
8601	6
8602	7
8603	6
8604	5
8605	3
8606	2
8607	2
8608	7
8609	9
8610	13
8611	7
8612	7
8613	7
8614	4
8615	2
8616	2
8617	5
8618	3
8619	6
8620	7
8621	4
8622	4
8623	5
8624	6
8625	4
8626	5
8627	6
8628	10
8629	3
8630	2
8631	6
8632	12
8633	8
8634	8
8635	9
8636	7
8637	5
8638	2
8639	3
8640	8
8641	3
8642	0
8643	0
8644	11
8645	8
8646	4
8647	7
8648	4
8649	4
8650	3
8651	4
8652	10
8653	2
8654	2
8655	5
8656	14
8657	4
8658	4
8659	0
8660	4
8661	3
8662	4
8663	3
8664	5
8665	2
8666	2
8667	0
8668	5
8669	6
8670	6
8671	6
8672	7
8673	7
8674	6
8675	7
8676	4
8677	4
8678	3
8679	4
8680	4
8681	5
8682	5
8683	4
8684	4
8685	2
8686	3
8687	3
8688	4
8689	8
8690	8
8691	8
8692	8
8693	10
8694	8
8695	5
8696	5
8697	0
8698	5
8699	4
8700	0
8701	3
8702	3
8703	5
8704	10
8705	8
8706	11
8707	6
8708	5
8709	5
8710	6
8711	6
8712	3
8713	2
8714	6
8715	4
8716	11
8717	9
8718	6
8719	6
8720	8
8721	4
8722	4
8723	3
8724	4
8725	7
8726	8
8727	9
8728	11
8729	12
8730	6
8731	2
8732	3
8733	4
8734	5
8735	3
8736	3
8737	6
8738	8
8739	7
8740	7
8741	2
8742	4
8743	9
8744	10
8745	12
8746	7
8747	5
8748	7
8749	2
8750	4
8751	4
8752	4
8753	4
8754	4
8755	8
8756	7
8757	4
8758	6
8759	5